40000,1.07088
80000,1.06189
120000,1.06903
160000,1.07468
200000,1.07441
240000,1.07603
280000,1.07706
320000,1.07376
360000,1.07602
400000,1.07327
440000,1.07483
480000,1.07171
520000,1.07274
560000,1.07823
600000,1.07396
640000,1.07332
680000,1.07334
720000,1.07337
760000,1.07345
800000,1.07304
840000,1.07418
880000,1.07418
920000,1.07264
960000,1.07221
1000000,1.07258
1040000,1.07068
1080000,1.08711
1120000,1.07054
1160000,1.07151
1200000,1.0728
1240000,1.07176
1280000,1.07266
1320000,1.06467
1360000,1.06614
1400000,1.07073
1440000,1.07349
1480000,1.07502
1520000,1.07379
1560000,1.07383
1600000,1.07443
1640000,1.07304
1680000,1.07011
1720000,1.06497
1760000,1.06962
1800000,1.06823
1840000,1.06434
1880000,1.06397
1920000,1.06542
1960000,1.07037
2000000,1.07157
2040000,1.07186
2080000,1.10034
2120000,1.07466
2160000,1.0753
2200000,1.07438
2240000,1.0718
2280000,1.07519
2320000,1.07442
2360000,1.07556
2400000,1.07339
2440000,1.11449
2480000,1.07805
2520000,1.07878
2560000,1.07567
2600000,1.07779
2640000,1.1177
2680000,1.09439
2720000,1.07686
2760000,1.07615
2800000,1.07839
2840000,1.07633
2880000,1.07435
2920000,1.07616
2960000,1.07151
3000000,1.07213
3040000,1.0727
3080000,1.07555
3120000,1.07588
3160000,1.07476
3200000,1.07504
3240000,1.07419
3280000,1.07474
3320000,1.07645
3360000,1.0741
3400000,1.07605
3440000,1.07635
3480000,1.07355
3520000,1.06918
3560000,1.06881
3600000,1.07447
3640000,1.07682
3680000,1.07648
3720000,1.07363
3760000,1.07483
3800000,1.07681
3840000,1.07683
3880000,1.07521
3920000,1.07545
3960000,1.07697
4000000,1.07629
4040000,1.07748
4080000,1.07772
4120000,1.07641
4160000,1.13234
4200000,1.07298
4240000,1.07389
4280000,1.07619
4320000,1.07789
4360000,1.0786
4400000,1.07757
4440000,1.07699
4480000,1.07848
4520000,1.07851
4560000,1.07641
4600000,1.07129
4640000,1.0737
4680000,1.07402
4720000,1.07604
4760000,1.07859
4800000,1.0783
4840000,1.07535
4880000,1.07508
4920000,1.07204
4960000,1.07289
5000000,1.07482
5040000,1.07271
5080000,1.07201
5120000,1.07457
5160000,1.07502
5200000,1.07683
5240000,1.07798
5280000,1.07733
5320000,1.07896
5360000,1.07361
5400000,1.07487
5440000,1.0757
5480000,1.07491
5520000,1.07677
5560000,1.07668
5600000,1.07615
5640000,1.07673
5680000,1.07413
5720000,1.07503
5760000,1.07479
5800000,1.0765
5840000,1.06997
5880000,1.07512
5920000,1.07613
5960000,1.07342
6000000,1.07479
6040000,1.07244
6080000,1.07525
6120000,1.07651
6160000,1.07524
6200000,1.07511
6240000,1.07398
6280000,1.07601
6320000,1.07376
6360000,1.07446
6400000,1.07131
6440000,1.07523
6480000,1.07752
6520000,1.07497
6560000,1.07611
6600000,1.07766
6640000,1.07651
6680000,1.07648
6720000,1.07643
6760000,1.07676
6800000,1.07713
6840000,1.07676
6880000,1.07298
6920000,1.07673
6960000,1.18392
7000000,1.0758
7040000,1.0779
7080000,1.0764
7120000,1.07779
7160000,1.08341
7200000,1.08377
7240000,1.08604
7280000,1.08616
7320000,1.08705
7360000,1.08519
7400000,1.08702
7440000,1.08538
7480000,1.08535
7520000,1.08368
7560000,1.08803
7600000,1.08762
7640000,1.08694
7680000,1.08791
7720000,1.08806
7760000,1.08747
7800000,1.08913
7840000,1.08886
7880000,1.08822
7920000,1.19281
7960000,1.18909
8000000,34.7546
8040000,1.1112
8080000,1.09531
8120000,1.09506
8160000,1.09448
8200000,1.09296
8240000,1.09307
8280000,1.09157
8320000,1.09346
8360000,1.09698
8400000,1.09679
8440000,1.09525
8480000,1.08917
8520000,1.09505
8560000,1.09497
8600000,1.09645
8640000,1.09527
8680000,1.08685
8720000,1.08775
8760000,1.08821
8800000,1.09504
8840000,1.09302
8880000,1.09242
8920000,1.08977
8960000,1.09283
9000000,1.09417
9040000,1.09138
9080000,1.09538
9120000,1.0947
9160000,1.09464
9200000,1.09354
9240000,1.09758
9280000,1.10233
9320000,1.09823
9360000,1.09938
9400000,1.09774
9440000,1.09752
9480000,1.09819
9520000,1.09897
9560000,1.09804
9600000,1.09869
9640000,1.09724
9680000,1.09621
9720000,1.095
9760000,1.09511
9800000,1.09552
9840000,1.09642
9880000,1.09791
9920000,1.09775
9960000,1.09438
10000000,1.09686
10040000,1.0981
10080000,1.09716
10120000,1.09726
10160000,1.09207
10200000,1.09292
10240000,1.09147
10280000,1.09081
10320000,1.09191
10360000,1.09031
10400000,1.08938
10440000,1.08796
10480000,1.08907
10520000,1.09208
10560000,1.08952
10600000,1.08864
10640000,1.09248
10680000,1.08872
10720000,1.08977
10760000,1.08959
10800000,1.09138
10840000,1.08959
10880000,1.08903
10920000,1.08699
10960000,1.08924
11000000,1.08785
11040000,1.09227
11080000,1.09648
11120000,1.0976
11160000,1.096
11200000,1.09735
11240000,1.09726
11280000,1.09758
11320000,1.09835
11360000,1.09843
11400000,1.09881
11440000,1.09666
11480000,1.09846
11520000,1.09637
11560000,1.09725
11600000,1.09639
11640000,1.09698
11680000,1.10029
11720000,1.09787
11760000,1.10011
11800000,1.09913
11840000,1.09765
11880000,1.09546
11920000,1.09646
11960000,1.09901
12000000,1.09735
12040000,1.09661
12080000,1.09879
12120000,1.09727
12160000,1.09054
12200000,1.09216
12240000,1.09938
12280000,1.09939
12320000,1.09801
12360000,1.09897
12400000,1.09802
12440000,1.09707
12480000,1.09902
12520000,1.09789
12560000,1.09741
12600000,1.0982
12640000,1.09612
12680000,1.0961
12720000,1.09605
12760000,1.09676
12800000,1.09931
12840000,1.09749
12880000,1.09577
12920000,1.09778
12960000,1.09694
13000000,1.09666
13040000,1.09812
13080000,1.097
13120000,1.09745
13160000,1.09618
13200000,1.09671
13240000,1.09846
13280000,1.09393
13320000,1.09179
13360000,1.09549
13400000,1.09502
13440000,1.09535
13480000,1.09711
13520000,1.09797
13560000,1.09819
13600000,1.09929
13640000,1.09548
13680000,1.09934
13720000,1.09503
13760000,1.09612
13800000,1.09614
13840000,1.09142
13880000,1.08987
13920000,1.08869
13960000,1.09195
14000000,1.09409
14040000,1.09447
14080000,1.09354
14120000,1.09387
14160000,1.09298
14200000,1.09247
14240000,1.09707
14280000,1.0987
14320000,1.09706
14360000,1.09448
14400000,1.09652
14440000,1.09671
14480000,1.0948
14520000,1.09203
14560000,1.09699
14600000,1.09797
14640000,1.09628
14680000,1.09947
14720000,1.09736
14760000,1.09553
14800000,1.09277
14840000,1.09453
14880000,1.09647
14920000,1.0962
14960000,1.09222
15000000,1.09593
15040000,1.09545
15080000,1.09686
15120000,1.1003
15160000,1.09725
15200000,1.09442
15240000,1.099
15280000,1.0972
15320000,1.09796
15360000,1.09607
15400000,1.09293
15440000,1.09498
15480000,1.09622
15520000,1.09696
15560000,1.09691
15600000,1.09506
15640000,1.09544
15680000,1.09588
15720000,1.09692
15760000,1.09523
15800000,1.09651
15840000,1.09337
15880000,1.09569
15920000,1.27867
15960000,1.2207
16000000,107.481
16040000,1.09867
16080000,1.08683
16120000,1.09201
16160000,1.08853
16200000,1.08989
16240000,1.08672
16280000,1.08749
16320000,1.08864
16360000,1.0873
16400000,1.0894
16440000,1.08661
16480000,1.08695
16520000,1.08941
16560000,1.0866
16600000,1.08758
16640000,1.08978
16680000,1.09102
16720000,1.09017
16760000,1.08266
16800000,1.08376
16840000,1.08998
16880000,1.09023
16920000,1.09101
16960000,1.09004
17000000,1.0884
17040000,1.08829
17080000,1.08883
17120000,1.08927
17160000,1.08915
17200000,1.09041
17240000,1.08801
17280000,1.08789
17320000,1.08855
17360000,1.08832
17400000,1.08929
17440000,1.09075
17480000,1.08967
17520000,1.08941
17560000,1.08971
17600000,1.08855
17640000,1.08803
17680000,1.08982
17720000,1.08703
17760000,1.09084
17800000,1.08902
17840000,1.08909
17880000,1.09006
17920000,1.08982
17960000,1.08677
18000000,1.08038
18040000,1.0788
18080000,1.08286
18120000,1.07866
18160000,1.08182
18200000,1.084
18240000,1.08547
18280000,1.08421
18320000,1.07857
18360000,1.07938
18400000,1.07873
18440000,1.0812
18480000,1.0857
18520000,1.08322
18560000,1.08129
18600000,1.08288
18640000,1.08617
18680000,1.08672
18720000,1.0863
18760000,1.08169
18800000,1.0829
18840000,1.0847
18880000,1.08243
18920000,1.08842
18960000,1.08758
19000000,1.09025
19040000,1.08744
19080000,1.08405
19120000,1.08607
19160000,1.08923
19200000,1.07928
19240000,1.08413
19280000,1.08543
19320000,1.08696
19360000,1.08728
19400000,1.0884
19440000,1.0903
19480000,1.08629
19520000,1.08644
19560000,1.08811
19600000,1.08981
19640000,1.08667
19680000,1.08502
19720000,1.08992
19760000,1.08417
19800000,1.08364
19840000,1.08889
19880000,1.08632
19920000,1.09034
19960000,1.08742
20000000,1.08909
20040000,1.09066
20080000,1.08622
20120000,1.08576
20160000,1.08792
20200000,1.08931
20240000,1.08921
20280000,1.08732
20320000,1.08069
20360000,1.08065
20400000,1.08196
20440000,1.07703
20480000,1.07675
20520000,1.08451
20560000,1.08829
20600000,1.08233
20640000,1.0843
20680000,1.07916
20720000,1.08403
20760000,1.08776
20800000,1.08404
20840000,1.07824
20880000,1.08086
20920000,1.08187
20960000,1.08919
21000000,1.08844
21040000,1.08766
21080000,1.08836
21120000,1.08702
21160000,1.08883
21200000,1.08992
21240000,1.09038
21280000,1.09031
21320000,1.09085
21360000,1.091
21400000,1.08489
21440000,1.0852
21480000,1.08387
21520000,1.08807
21560000,1.09001
21600000,1.08894
21640000,1.08845
21680000,1.08994
21720000,1.09065
21760000,1.09197
21800000,1.08936
21840000,1.08724
21880000,1.08714
21920000,1.08551
21960000,1.08127
22000000,1.08142
22040000,1.083
22080000,1.0807
22120000,1.08206
22160000,1.07999
22200000,1.08506
22240000,1.0879
22280000,1.08597
22320000,1.0889
22360000,1.08615
22400000,1.08596
22440000,1.08769
22480000,1.08896
22520000,1.0885
22560000,1.08891
22600000,1.08905
22640000,1.09001
22680000,1.0899
22720000,1.08817
22760000,1.08856
22800000,1.08861
22840000,1.08657
22880000,1.08475
22920000,1.08458
22960000,1.08113
23000000,1.08034
23040000,1.08271
23080000,1.08638
23120000,1.07901
23160000,1.08054
23200000,1.08001
23240000,1.07965
23280000,1.0799
23320000,1.0802
23360000,1.08113
23400000,1.08307
23440000,1.08154
23480000,1.08432
23520000,1.08233
23560000,1.08118
23600000,1.08268
23640000,1.08346
23680000,1.08397
23720000,1.0825
23760000,1.08593
23800000,1.08505
23840000,1.08329
23880000,1.08508
23920000,1.26645
23960000,1.26202
24000000,68.8155
24040000,1.11784
24080000,1.09324
24120000,1.08791
24160000,1.09329
24200000,1.09573
24240000,1.09621
24280000,1.08994
24320000,1.09365
24360000,1.09363
24400000,1.09761
24440000,1.09928
24480000,1.09812
24520000,1.09818
24560000,1.09492
24600000,1.09526
24640000,1.09657
24680000,1.09454
24720000,1.09763
24760000,1.09739
24800000,1.0952
24840000,1.09293
24880000,1.09698
24920000,1.09781
24960000,1.0972
25000000,1.09602
25040000,1.09777
25080000,1.09784
25120000,1.09741
25160000,1.09703
25200000,1.09477
25240000,1.09284
25280000,1.09662
25320000,1.09639
25360000,1.09511
25400000,1.09274
25440000,1.08754
25480000,1.09396
25520000,1.09826
25560000,1.09838
25600000,1.08741
25640000,1.08305
25680000,1.08505
25720000,1.08725
25760000,1.08281
25800000,1.08758
25840000,1.08811
25880000,1.09119
25920000,1.09026
25960000,1.08874
26000000,1.0915
26040000,1.08854
26080000,1.09258
26120000,1.09244
26160000,1.08871
26200000,1.0934
26240000,1.09614
26280000,1.09725
26320000,1.09834
26360000,1.09593
26400000,1.09581
26440000,1.09875
26480000,1.09748
26520000,1.09711
26560000,1.09742
26600000,1.09632
26640000,1.09697
26680000,1.09465
26720000,1.0922
26760000,1.08858
26800000,1.09066
26840000,1.08925
26880000,1.08815
26920000,1.08411
26960000,1.08674
27000000,1.08933
27040000,1.08955
27080000,1.08977
27120000,1.09227
27160000,1.09071
27200000,1.08802
27240000,1.08694
27280000,1.08641
27320000,1.0921
27360000,1.08774
27400000,1.09379
27440000,1.09419
27480000,1.09678
27520000,1.09317
27560000,1.09494
27600000,1.09514
27640000,1.09667
27680000,1.09904
27720000,1.09537
27760000,1.09666
27800000,1.09802
27840000,1.09766
27880000,1.09641
27920000,1.0965
27960000,1.098
28000000,1.09812
28040000,1.09601
28080000,1.09629
28120000,1.09422
28160000,1.09507
28200000,1.09671
28240000,1.09563
28280000,1.09191
28320000,1.09146
28360000,1.09665
28400000,1.09285
28440000,1.09564
28480000,1.09748
28520000,1.09665
28560000,1.09313
28600000,1.09204
28640000,1.09646
28680000,1.09879
28720000,1.09749
28760000,1.098
28800000,1.09763
28840000,1.09584
28880000,1.09674
28920000,1.09616
28960000,1.09456
29000000,1.09457
29040000,1.08943
29080000,1.08844
29120000,1.08993
29160000,1.09147
29200000,1.089
29240000,1.08884
29280000,1.09386
29320000,1.09762
29360000,1.09807
29400000,1.09115
29440000,1.0883
29480000,1.09539
29520000,1.09326
29560000,1.09425
29600000,1.09994
29640000,1.09763
29680000,1.09626
29720000,1.09867
29760000,1.09769
29800000,1.0966
29840000,1.09698
29880000,1.09891
29920000,1.09727
29960000,1.09692
30000000,1.09701
30040000,1.09811
30080000,1.09615
30120000,1.09651
30160000,1.09753
30200000,1.09682
30240000,1.09488
30280000,1.09555
30320000,1.0944
30360000,1.09915
30400000,1.09767
30440000,1.09572
30480000,1.09464
30520000,1.09006
30560000,1.09127
30600000,1.09089
30640000,1.09043
30680000,1.09074
30720000,1.08788
30760000,1.08764
30800000,1.09202
30840000,1.0942
30880000,1.08718
30920000,1.09139
30960000,1.08996
31000000,1.08923
31040000,1.08757
31080000,1.09096
31120000,1.09011
31160000,1.08709
31200000,1.08843
31240000,1.08952
31280000,1.08718
31320000,1.08376
31360000,1.08682
31400000,1.08924
31440000,1.09244
31480000,1.09562
31520000,1.09683
31560000,1.09527
31600000,1.09527
31640000,1.09609
31680000,1.09766
31720000,1.09825
31760000,1.09811
31800000,1.08764
31840000,1.09252
31880000,1.09544
31920000,1.27067
31960000,1.24597
32000000,83.3563
32040000,1.1349
32080000,1.08914
32120000,1.09139
32160000,1.08902
32200000,1.08611
32240000,1.09216
32280000,1.08855
32320000,1.08915
32360000,1.08746
32400000,1.08847
32440000,1.09028
32480000,1.08923
32520000,1.08957
32560000,1.0909
32600000,1.089
32640000,1.08605
32680000,1.08675
32720000,1.08454
32760000,1.08762
32800000,1.08987
32840000,1.08589
32880000,1.08617
32920000,1.08247
32960000,1.08595
33000000,1.08856
33040000,1.08574
33080000,1.08649
33120000,1.08607
33160000,1.08445
33200000,1.08554
33240000,1.08983
33280000,1.08715
33320000,1.08795
33360000,1.08689
33400000,1.09565
33440000,1.08899
33480000,1.08268
33520000,1.08043
33560000,1.08147
33600000,1.0795
33640000,1.08574
33680000,1.08187
33720000,1.0842
33760000,1.0842
33800000,1.0822
33840000,1.08567
33880000,1.08693
33920000,1.09137
33960000,1.08718
34000000,1.08754
34040000,1.08999
34080000,1.08832
34120000,1.08857
34160000,1.09016
34200000,1.08765
34240000,1.08981
34280000,1.08962
34320000,1.08432
34360000,1.08542
34400000,1.08322
34440000,1.08442
34480000,1.08841
34520000,1.08298
34560000,1.08293
34600000,1.08577
34640000,1.08764
34680000,1.08841
34720000,1.08811
34760000,1.08872
34800000,1.0852
34840000,1.08158
34880000,1.08521
34920000,1.0786
34960000,1.08583
35000000,1.08884
35040000,1.09154
35080000,1.09153
35120000,1.09251
35160000,1.08917
35200000,1.08718
35240000,1.08508
35280000,1.08508
35320000,1.08888
35360000,1.08987
35400000,1.09093
35440000,1.08834
35480000,1.08856
35520000,1.09098
35560000,1.08911
35600000,1.08942
35640000,1.08779
35680000,1.08944
35720000,1.0886
35760000,1.0895
35800000,1.09053
35840000,1.08937
35880000,1.08898
35920000,1.08869
35960000,1.08778
36000000,1.08715
36040000,1.0871
36080000,1.08567
36120000,1.08836
36160000,1.08824
36200000,1.08915
36240000,1.08862
36280000,1.08995
36320000,1.08946
36360000,1.0877
36400000,1.08736
36440000,1.08647
36480000,1.08818
36520000,1.08391
36560000,1.08847
36600000,1.08698
36640000,1.08362
36680000,1.08459
36720000,1.08357
36760000,1.08494
36800000,1.08898
36840000,1.08878
36880000,1.08943
36920000,1.08891
36960000,1.0899
37000000,1.09112
37040000,1.08894
37080000,1.09034
37120000,1.09042
37160000,1.09065
37200000,1.09049
37240000,1.0909
37280000,1.08941
37320000,1.08972
37360000,1.08826
37400000,1.08826
37440000,1.09119
37480000,1.09001
37520000,1.09267
37560000,1.08962
37600000,1.08966
37640000,1.08756
37680000,1.08751
37720000,1.0882
37760000,1.08985
37800000,1.097
37840000,1.08976
37880000,1.09245
37920000,1.09114
37960000,1.08839
38000000,1.08764
38040000,1.08935
38080000,1.08844
38120000,1.09056
38160000,1.0901
38200000,1.09014
38240000,1.09007
38280000,1.08951
38320000,1.08887
38360000,1.09002
38400000,1.0876
38440000,1.08946
38480000,1.08999
38520000,1.08949
38560000,1.08997
38600000,1.09105
38640000,1.08759
38680000,1.08988
38720000,1.08825
38760000,1.09008
38800000,1.08844
38840000,1.08779
38880000,1.08947
38920000,1.08365
38960000,1.08228
39000000,1.08508
39040000,1.0831
39080000,1.08179
39120000,1.08632
39160000,1.08359
39200000,1.08652
39240000,1.08635
39280000,1.08519
39320000,1.08289
39360000,1.08076
39400000,1.081
39440000,1.08044
39480000,1.08007
39520000,1.08224
39560000,1.08099
39600000,1.08095
39640000,1.08206
39680000,1.08245
39720000,1.08075
39760000,1.08195
39800000,1.08142
39840000,1.08286
39880000,1.0766
39920000,1.26638
39960000,1.30127
40000000,148.003
inserts took 1526.64 seconds.
