40000,1.0719
80000,1.06704
120000,1.07316
160000,1.079
200000,1.07195
240000,1.07129
280000,1.07444
320000,1.07248
360000,1.07322
400000,1.07137
440000,1.06494
480000,1.07466
520000,1.07381
560000,1.08443
600000,1.07674
640000,1.07604
680000,1.07663
720000,1.07835
760000,1.07809
800000,1.07838
840000,1.07664
880000,1.07703
920000,1.07829
960000,1.07595
1000000,1.07615
1040000,1.07169
1080000,1.09021
1120000,1.07493
1160000,1.0767
1200000,1.07735
1240000,1.07731
1280000,1.0772
1320000,1.07715
1360000,1.07556
1400000,1.0839
1440000,1.07739
1480000,1.07835
1520000,1.07757
1560000,1.07748
1600000,1.07692
1640000,1.07173
1680000,1.06416
1720000,1.06004
1760000,1.06233
1800000,1.07001
1840000,1.07796
1880000,1.07503
1920000,1.07588
1960000,1.07431
2000000,1.07507
2040000,1.07537
2080000,1.10421
2120000,1.07733
2160000,1.07832
2200000,1.07901
2240000,1.07754
2280000,1.07965
2320000,1.07723
2360000,1.07797
2400000,1.0791
2440000,1.07825
2480000,1.12481
2520000,1.07168
2560000,1.07851
2600000,1.08085
2640000,1.07937
2680000,1.08058
2720000,1.08548
2760000,1.08454
2800000,1.07968
2840000,1.07718
2880000,1.07863
2920000,1.08443
2960000,1.08268
3000000,1.07992
3040000,1.08139
3080000,1.07263
3120000,1.07811
3160000,1.07602
3200000,1.07127
3240000,1.06732
3280000,1.07531
3320000,1.08072
3360000,1.08167
3400000,1.0749
3440000,1.07338
3480000,1.07873
3520000,1.07866
3560000,1.07999
3600000,1.07981
3640000,1.08003
3680000,1.07647
3720000,1.07287
3760000,1.07835
3800000,1.10072
3840000,1.09272
3880000,1.08663
3920000,1.09313
3960000,1.08839
4000000,1.08587
4040000,1.08538
4080000,1.08086
4120000,1.07665
4160000,1.13555
4200000,1.07497
4240000,1.07966
4280000,1.07819
4320000,1.08176
4360000,1.08288
4400000,1.08187
4440000,1.08043
4480000,1.07939
4520000,1.07081
4560000,1.06626
4600000,1.06843
4640000,1.07065
4680000,1.07789
4720000,1.06987
4760000,1.06692
4800000,1.06472
4840000,1.06571
4880000,1.07012
4920000,1.07537
4960000,1.07752
5000000,1.08074
5040000,1.08304
5080000,1.08019
5120000,1.0819
5160000,1.07932
5200000,1.08233
5240000,1.08123
5280000,1.08036
5320000,1.08196
5360000,1.07816
5400000,1.08113
5440000,1.07924
5480000,1.0792
5520000,1.08191
5560000,1.07919
5600000,1.07799
5640000,1.07824
5680000,1.07929
5720000,1.08159
5760000,1.0801
5800000,1.08673
5840000,1.10256
5880000,1.1052
5920000,1.10156
5960000,1.11046
6000000,1.09115
6040000,1.10551
6080000,1.09161
6120000,1.10336
6160000,1.0818
6200000,1.09879
6240000,1.09649
6280000,1.10225
6320000,1.08894
6360000,1.09886
6400000,1.09429
6440000,1.10144
6480000,1.1069
6520000,1.08218
6560000,1.0912
6600000,1.09329
6640000,1.08853
6680000,1.09292
6720000,1.11226
6760000,1.09485
6800000,1.105
6840000,1.10547
6880000,1.10177
6920000,1.09048
6960000,1.10732
7000000,1.0892
7040000,1.09683
7080000,1.11298
7120000,1.08938
7160000,1.12669
7200000,1.10721
7240000,1.09688
7280000,1.11847
7320000,1.10746
7360000,1.10861
7400000,1.12606
7440000,1.13975
7480000,1.16623
7520000,1.12491
7560000,1.11745
7600000,1.13168
7640000,1.10611
7680000,1.10976
7720000,1.11091
7760000,1.11459
7800000,1.12509
7840000,1.14834
7880000,1.1128
7920000,1.30763
7960000,2.53202
8000000,1.89716
8040000,1.83834
8080000,2.0902
8120000,1.748
8160000,1.77666
8200000,1.78556
8240000,1.93386
8280000,1.8825
8320000,2.05879
8360000,2.18315
8400000,1.88172
8440000,3.45241
8480000,1.53769
8520000,1.77885
8560000,1.76059
8600000,2.00714
8640000,1.68208
8680000,1.81264
8720000,1.8934
8760000,2.11558
8800000,2.41037
8840000,1.99216
8880000,2.15108
8920000,2.01937
8960000,1.79995
9000000,1.77719
9040000,1.65542
9080000,4.75433
9120000,1.76481
9160000,1.72309
9200000,2.03104
9240000,1.68343
9280000,1.88588
9320000,1.86648
9360000,1.95806
9400000,2.12598
9440000,2.35658
9480000,2.03581
9520000,3.85822
9560000,12.0094
9600000,2.25016
9640000,1.90448
9680000,2.63478
9720000,1.87283
9760000,2.64941
9800000,1.79635
9840000,2.22655
9880000,2.70768
9920000,2.04365
9960000,1.88584
10000000,2.3255
10040000,2.24385
10080000,2.25292
10120000,4.6775
10160000,2.06036
10200000,2.05094
10240000,2.49513
10280000,2.82185
10320000,2.94318
10360000,2.46559
10400000,2.55833
10440000,1.76896
10480000,3.02653
10520000,2.53079
10560000,1.82792
10600000,1.63208
10640000,4.20066
10680000,1.5373
10720000,1.83797
10760000,1.79951
10800000,2.38029
10840000,2.33244
10880000,2.08058
10920000,2.20805
10960000,2.26487
11000000,1.80853
11040000,1.74166
11080000,1.68706
11120000,2.24477
11160000,1.9311
11200000,2.21037
11240000,4.64826
11280000,1.50247
11320000,1.57327
11360000,1.91556
11400000,1.84327
11440000,1.80055
11480000,1.99397
11520000,1.77944
11560000,1.69267
11600000,1.58644
11640000,1.714
11680000,1.67881
11720000,1.65333
11760000,1.60622
11800000,1.80435
11840000,2.06592
11880000,1.68789
11920000,4.85355
11960000,1.37894
12000000,1.32082
12040000,1.16489
12080000,1.3092
12120000,1.14911
12160000,1.5564
12200000,1.21598
12240000,1.20655
12280000,1.2327
12320000,1.20386
12360000,1.23346
12400000,1.2508
12440000,1.21842
12480000,1.26775
12520000,1.18362
12560000,1.18513
12600000,1.21186
12640000,1.20087
12680000,1.20564
12720000,1.28569
12760000,1.17074
12800000,1.16873
12840000,1.16885
12880000,34.9523
12920000,1.29977
12960000,1.16223
13000000,1.15952
13040000,1.1693
13080000,1.14467
13120000,1.26277
13160000,1.18516
13200000,1.17135
13240000,1.24177
13280000,1.18361
13320000,1.1936
13360000,1.17543
13400000,1.17074
13440000,1.19108
13480000,1.17347
13520000,1.18146
13560000,1.20615
13600000,1.60073
13640000,1.64536
13680000,1.55863
13720000,1.37998
13760000,1.20763
13800000,1.16589
13840000,5.70843
13880000,1.40057
13920000,1.16002
13960000,1.34294
14000000,1.15598
14040000,1.27774
14080000,1.23683
14120000,1.16237
14160000,1.23555
14200000,1.45674
14240000,1.35549
14280000,1.28741
14320000,1.2093
14360000,1.19374
14400000,1.21048
14440000,1.69194
14480000,1.25251
14520000,1.15718
14560000,1.1587
14600000,1.15963
14640000,1.15759
14680000,1.1576
14720000,1.15792
14760000,1.15098
14800000,4.99334
14840000,1.22146
14880000,1.2576
14920000,1.28083
14960000,1.14432
15000000,1.28026
15040000,1.14397
15080000,1.17691
15120000,1.16003
15160000,1.20703
15200000,1.1916
15240000,1.16415
15280000,1.15322
15320000,1.16838
15360000,1.16084
15400000,1.15847
15440000,1.14825
15480000,1.13687
15520000,1.16756
15560000,1.15726
15600000,1.16333
15640000,1.24405
15680000,1.16256
15720000,1.15994
15760000,1.16239
15800000,1.16808
15840000,6.14381
15880000,1.37193
15920000,1.39575
15960000,1.37047
16000000,1.13978
16040000,1.26645
16080000,1.29122
16120000,1.21163
16160000,1.23543
16200000,1.23666
16240000,1.42488
16280000,1.18751
16320000,1.16014
16360000,1.15648
16400000,1.16104
16440000,1.17927
16480000,1.15174
16520000,1.15029
16560000,1.15795
16600000,1.15689
16640000,1.16291
16680000,1.16112
16720000,1.16113
16760000,1.16374
16800000,1.16142
16840000,5.54301
16880000,1.37121
16920000,1.15799
16960000,1.42716
17000000,1.29429
17040000,1.16698
17080000,1.20112
17120000,1.1586
17160000,1.18477
17200000,1.1616
17240000,1.17086
17280000,1.18915
17320000,1.21029
17360000,1.17147
17400000,1.17287
17440000,1.22441
17480000,1.16965
17520000,1.20701
17560000,1.17326
17600000,1.30597
17640000,1.27334
17680000,1.16849
17720000,1.25932
17760000,1.16156
17800000,5.92922
17840000,1.49999
17880000,1.1556
17920000,1.30978
17960000,1.54454
18000000,1.19758
18040000,1.40535
18080000,1.15499
18120000,1.46593
18160000,1.79658
18200000,1.51782
18240000,1.42549
18280000,1.36878
18320000,1.78851
18360000,1.61282
18400000,1.53455
18440000,2.2138
18480000,2.42259
18520000,1.76988
18560000,5.71963
18600000,1.48511
18640000,1.65898
18680000,1.85334
18720000,1.60126
18760000,1.49076
18800000,1.90188
18840000,1.33173
18880000,2.30311
18920000,6.51375
18960000,1.60706
19000000,1.60194
19040000,2.26057
19080000,1.66253
19120000,2.266
19160000,4.36861
19200000,2.09685
19240000,1.61884
19280000,1.91481
19320000,2.84333
19360000,2.19376
19400000,1.5943
19440000,1.86297
19480000,1.90714
19520000,2.08043
19560000,1.80805
19600000,1.57848
19640000,1.94665
19680000,2.34078
19720000,1.78884
19760000,4.72415
19800000,1.82863
19840000,2.22407
19880000,1.9023
19920000,2.55026
19960000,1.98438
20000000,1.94311
20040000,2.05437
20080000,1.7148
20120000,2.12343
20160000,1.65623
20200000,1.83931
20240000,1.89408
20280000,1.74723
20320000,2.21373
20360000,4.41707
20400000,1.67285
20440000,2.10171
20480000,1.783
20520000,1.87104
20560000,2.54408
20600000,1.90535
20640000,2.2286
20680000,1.30502
20720000,2.11354
20760000,1.60817
20800000,1.91989
20840000,1.90571
20880000,2.17285
20920000,1.93802
20960000,1.57423
21000000,5.51376
21040000,1.43926
21080000,1.76338
21120000,1.52738
21160000,2.11749
21200000,1.60953
21240000,1.5227
21280000,1.88485
21320000,1.42202
21360000,1.67442
21400000,1.69564
21440000,1.6509
21480000,1.73366
21520000,1.98489
21560000,1.74772
21600000,1.88933
21640000,1.54856
21680000,1.43606
21720000,5.36187
21760000,1.35433
21800000,1.91324
21840000,1.67699
21880000,1.74508
21920000,1.72559
21960000,1.8084
22000000,1.75498
22040000,2.07164
22080000,1.72491
22120000,2.47981
22160000,2.36829
22200000,1.84554
22240000,2.63727
22280000,3.12025
22320000,10.1511
22360000,1.61698
22400000,2.01551
22440000,1.92589
22480000,1.76813
22520000,1.79842
22560000,3.18715
22600000,2.39025
22640000,1.85133
22680000,1.97685
22720000,1.6948
22760000,1.67688
22800000,1.60072
22840000,1.72394
22880000,1.16214
22920000,1.22259
22960000,1.18865
23000000,4.37867
23040000,1.50488
23080000,1.4511
23120000,1.29895
23160000,1.48168
23200000,1.34858
23240000,1.32783
23280000,1.38668
23320000,1.30381
23360000,1.38451
23400000,1.59132
23440000,1.32598
23480000,1.28171
23520000,1.2986
23560000,1.34168
23600000,1.28769
23640000,1.22901
23680000,1.20053
23720000,1.2612
23760000,1.34172
23800000,1.49455
23840000,1.44391
23880000,5.40586
23920000,1.93902
23960000,1.25006
24000000,1.52971
24040000,1.31376
24080000,1.57063
24120000,1.47492
24160000,1.30862
24200000,1.29997
24240000,1.50173
24280000,1.42529
24320000,1.35292
24360000,1.27129
24400000,1.33885
24440000,1.46228
24480000,1.41331
24520000,1.47581
24560000,1.54093
24600000,1.52401
24640000,1.44431
24680000,1.48578
24720000,5.59876
24760000,1.37462
24800000,1.50351
24840000,1.54444
24880000,1.42296
24920000,3.57798
24960000,2.88615
25000000,2.07089
25040000,1.83998
25080000,1.83628
25120000,1.39426
25160000,1.54035
25200000,1.61088
25240000,1.35205
25280000,1.40422
25320000,1.67865
25360000,1.26422
25400000,4.67769
25440000,1.48201
25480000,1.39629
25520000,1.26053
25560000,1.33752
25600000,1.50821
25640000,1.43777
25680000,1.47603
25720000,1.4487
25760000,1.27865
25800000,1.39477
25840000,1.42954
25880000,1.41483
25920000,1.81642
25960000,1.44181
26000000,1.82715
26040000,1.51279
26080000,1.39208
26120000,1.56966
26160000,1.45199
26200000,1.41918
26240000,5.76152
26280000,1.41644
26320000,1.54263
26360000,1.23062
26400000,1.63811
26440000,1.54143
26480000,1.89085
26520000,1.47921
26560000,1.59299
26600000,1.51847
26640000,1.67536
26680000,1.57829
26720000,1.8857
26760000,1.53332
26800000,1.37757
26840000,1.32194
26880000,1.53381
26920000,1.55182
26960000,1.25225
27000000,5.5076
27040000,1.46685
27080000,1.16209
27120000,1.64365
27160000,1.35816
27200000,1.23207
27240000,1.31925
27280000,1.18129
27320000,1.338
27360000,1.22768
27400000,1.19555
27440000,1.38177
27480000,1.27791
27520000,1.65736
27560000,1.22814
27600000,1.32725
27640000,1.41151
27680000,1.16548
27720000,1.25262
27760000,1.6599
27800000,2.0364
27840000,1.82317
27880000,6.50353
27920000,1.77165
27960000,1.67507
28000000,1.88664
28040000,2.09173
28080000,2.03008
28120000,2.0263
28160000,2.0021
28200000,2.09175
28240000,2.07449
28280000,3.58975
28320000,1.66647
28360000,1.88555
28400000,1.86904
28440000,4.82934
28480000,1.91007
28520000,1.81426
28560000,1.67255
28600000,2.0948
28640000,1.77798
28680000,2.50359
28720000,2.1409
28760000,1.90691
28800000,1.85121
28840000,1.77407
28880000,1.52938
28920000,1.34824
28960000,1.53734
29000000,1.67693
29040000,2.91486
29080000,4.21867
29120000,1.4711
29160000,1.15756
29200000,1.37615
29240000,1.45929
29280000,1.15361
29320000,1.24526
29360000,1.18908
29400000,1.2278
29440000,1.15983
29480000,1.16029
29520000,1.24889
29560000,1.25879
29600000,1.22315
29640000,1.23154
29680000,1.16562
29720000,1.1913
29760000,1.16971
29800000,1.16731
29840000,1.16444
29880000,1.16795
29920000,1.16835
29960000,1.1708
30000000,1.18994
30040000,1.15516
30080000,12.9075
30120000,1.16466
30160000,1.20307
30200000,1.14694
30240000,1.34018
30280000,1.26861
30320000,1.19542
30360000,1.1755
30400000,1.15914
30440000,1.1643
30480000,1.16451
30520000,1.16069
30560000,1.16961
30600000,1.19915
30640000,1.17256
30680000,1.21709
30720000,1.17036
30760000,1.20368
30800000,1.22137
30840000,1.16046
30880000,1.20083
30920000,1.16497
30960000,1.15606
31000000,1.19064
31040000,1.15544
31080000,14.5255
31120000,1.85852
31160000,1.16574
31200000,2.86167
31240000,1.14907
31280000,2.02722
31320000,1.77877
31360000,1.16939
31400000,1.61062
31440000,1.63361
31480000,1.17728
31520000,1.60195
31560000,1.58296
31600000,1.30405
31640000,1.39189
31680000,2.51609
31720000,3.3584
31760000,14.4138
31800000,1.99806
31840000,1.75925
31880000,1.32371
31920000,2.10663
31960000,2.29034
32000000,1.63462
32040000,1.68445
32080000,1.53607
32120000,1.7347
32160000,1.47766
32200000,2.36205
32240000,2.10771
32280000,1.58249
32320000,1.39034
32360000,1.45669
32400000,1.40572
32440000,14.6077
32480000,1.43232
32520000,1.43077
32560000,1.86715
32600000,1.45631
32640000,1.77615
32680000,1.55203
32720000,1.30418
32760000,1.41547
32800000,1.42537
32840000,1.51458
32880000,1.48294
32920000,1.60316
32960000,1.66896
33000000,1.66616
33040000,1.73917
33080000,1.67772
33120000,1.75012
33160000,1.74251
33200000,5.89455
33240000,1.70142
33280000,1.83415
33320000,2.41072
33360000,2.03359
33400000,1.91776
33440000,1.62095
33480000,1.7846
33520000,1.7898
33560000,2.10783
33600000,2.2118
33640000,1.98953
33680000,2.03151
33720000,2.18689
33760000,1.52887
33800000,1.82257
33840000,5.61271
33880000,1.74483
33920000,2.05476
33960000,1.68906
34000000,2.14915
34040000,2.02239
34080000,1.93638
34120000,3.18696
34160000,1.71566
34200000,1.70886
34240000,2.04074
34280000,1.59664
34320000,1.80808
34360000,1.53924
34400000,1.46267
34440000,6.56361
34480000,1.84174
34520000,1.63406
34560000,2.03216
34600000,1.82237
34640000,2.72592
34680000,2.46439
34720000,1.80493
34760000,1.9419
34800000,1.88803
34840000,1.59418
34880000,1.56851
34920000,1.46403
34960000,1.40967
35000000,1.28612
35040000,1.34847
35080000,1.43836
35120000,1.35167
35160000,5.46148
35200000,1.61504
35240000,1.33238
35280000,1.53032
35320000,1.41592
35360000,1.33518
35400000,1.58862
35440000,1.31012
35480000,1.28293
35520000,1.36311
35560000,1.37405
35600000,1.34253
35640000,1.43162
35680000,1.30504
35720000,1.29795
35760000,1.24396
35800000,1.39475
35840000,1.22058
35880000,1.27828
35920000,1.3417
35960000,1.21011
36000000,1.38559
36040000,7.11838
36080000,1.20672
36120000,1.4394
36160000,1.20772
36200000,1.77327
36240000,1.38118
36280000,1.20714
36320000,1.33263
36360000,1.45015
36400000,1.32709
36440000,1.26944
36480000,1.29599
36520000,1.26559
36560000,1.18436
36600000,1.28774
36640000,1.18612
36680000,1.23611
36720000,1.42255
36760000,1.42496
36800000,2.04368
36840000,1.83385
36880000,6.52688
36920000,1.39449
36960000,1.36651
37000000,1.58712
37040000,2.0218
37080000,1.58679
37120000,1.66608
37160000,2.18208
37200000,1.70062
37240000,1.99462
37280000,1.88019
37320000,2.30362
37360000,2.89755
37400000,1.63853
37440000,1.80965
37480000,2.08086
37520000,5.82217
37560000,1.87953
37600000,2.02338
37640000,1.78718
37680000,2.52598
37720000,2.01783
37760000,1.85347
37800000,2.50982
37840000,2.0095
37880000,2.40395
37920000,2.05858
37960000,1.91997
38000000,2.9688
38040000,2.2483
38080000,5.6084
38120000,1.94365
38160000,1.78784
38200000,1.90786
38240000,2.72132
38280000,2.1282
38320000,2.08814
38360000,2.80969
38400000,1.94752
38440000,1.86295
38480000,1.75817
38520000,1.90954
38560000,1.7498
38600000,1.71931
38640000,1.709
38680000,5.53942
38720000,1.63573
38760000,2.59152
38800000,1.63817
38840000,1.94041
38880000,1.62506
38920000,1.68259
38960000,1.79069
39000000,1.70784
39040000,1.56984
39080000,1.69847
39120000,1.82363
39160000,1.68816
39200000,1.61822
39240000,1.69359
39280000,1.69214
39320000,1.76576
39360000,6.00324
39400000,1.83302
39440000,1.63908
39480000,1.89622
39520000,1.45227
39560000,2.10919
39600000,1.80449
39640000,2.03942
39680000,1.64587
39720000,1.75241
39760000,1.37656
39800000,1.39807
39840000,1.3316
39880000,1.96038
39920000,1.41245
39960000,3.09203
40000000,1.82177
inserts took 1874.51 seconds.
