40000,1.06975
80000,1.06563
120000,1.0724
160000,1.07474
200000,1.07269
240000,1.07455
280000,1.07835
320000,1.07652
360000,1.07787
400000,1.07536
440000,1.07698
480000,1.07501
520000,1.07505
560000,1.08211
600000,1.07422
640000,1.07479
680000,1.07609
720000,1.07576
760000,1.07423
800000,1.07404
840000,1.07311
880000,1.07079
920000,1.06937
960000,1.0705
1000000,1.08149
1040000,1.08957
1080000,1.09308
1120000,1.07452
1160000,1.0757
1200000,1.07414
1240000,1.07323
1280000,1.07415
1320000,1.07397
1360000,1.07376
1400000,1.07209
1440000,1.09316
1480000,1.06819
1520000,1.06544
1560000,1.0653
1600000,1.06693
1640000,1.06931
1680000,1.06788
1720000,1.06743
1760000,1.06814
1800000,1.07614
1840000,1.0783
1880000,1.07193
1920000,1.06886
1960000,1.06924
2000000,1.07645
2040000,1.0746
2080000,1.10011
2120000,1.07171
2160000,1.07141
2200000,1.07345
2240000,1.07372
2280000,1.07133
2320000,1.07526
2360000,1.07413
2400000,1.07328
2440000,1.07337
2480000,1.07388
2520000,1.07385
2560000,1.073
2600000,1.07379
2640000,1.07813
2680000,1.07977
2720000,1.07874
2760000,1.07805
2800000,1.07784
2840000,1.07487
2880000,1.0762
2920000,1.07535
2960000,1.07417
3000000,1.07407
3040000,1.07464
3080000,1.0768
3120000,1.07535
3160000,1.07332
3200000,1.07857
3240000,1.07768
3280000,1.07789
3320000,1.07794
3360000,1.07688
3400000,1.07694
3440000,1.07784
3480000,1.07746
3520000,1.0774
3560000,1.07844
3600000,1.07927
3640000,1.0786
3680000,1.0767
3720000,1.07531
3760000,1.0705
3800000,1.07018
3840000,1.07081
3880000,1.07612
3920000,1.07647
3960000,1.07586
4000000,1.0733
4040000,1.07048
4080000,1.06968
4120000,1.07287
4160000,1.13195
4200000,1.07646
4240000,1.0684
4280000,1.07176
4320000,1.08199
4360000,1.08111
4400000,1.08156
4440000,1.07788
4480000,1.07814
4520000,1.07811
4560000,1.07512
4600000,1.07587
4640000,1.07518
4680000,1.07771
4720000,1.0752
4760000,1.07511
4800000,1.07048
4840000,1.07184
4880000,1.07247
4920000,1.0714
4960000,1.07584
5000000,1.07888
5040000,1.0781
5080000,1.07782
5120000,1.07626
5160000,1.07667
5200000,1.07862
5240000,1.07637
5280000,1.07729
5320000,1.07932
5360000,1.07694
5400000,1.07538
5440000,1.07795
5480000,1.07793
5520000,1.07757
5560000,1.0777
5600000,1.07751
5640000,1.07711
5680000,1.07632
5720000,1.07688
5760000,1.07506
5800000,1.07432
5840000,1.0756
5880000,1.07559
5920000,1.07561
5960000,1.0751
6000000,1.06829
6040000,1.06752
6080000,1.07176
6120000,1.07491
6160000,1.07671
6200000,1.07603
6240000,1.14614
6280000,1.07957
6320000,1.07846
6360000,1.07742
6400000,1.07976
6440000,1.07846
6480000,1.0763
6520000,1.07545
6560000,1.07341
6600000,1.07685
6640000,1.07535
6680000,1.07683
6720000,1.07263
6760000,1.07373
6800000,1.0736
6840000,1.07596
6880000,1.07557
6920000,1.07197
6960000,1.07009
7000000,1.06882
7040000,1.07151
7080000,1.06964
7120000,1.07131
7160000,1.07837
7200000,1.08516
7240000,1.08718
7280000,1.08176
7320000,1.08176
7360000,1.08769
7400000,1.08663
7440000,1.08817
7480000,1.08651
7520000,1.08956
7560000,1.08643
7600000,1.08407
7640000,1.08566
7680000,1.08723
7720000,1.08789
7760000,1.08791
7800000,1.08811
7840000,1.10327
7880000,1.13218
7920000,1.12515
7960000,1.18941
8000000,1.22961
8040000,1.20573
8080000,2.13839
8120000,1.73983
8160000,1.19634
8200000,1.225
8240000,1.14536
8280000,1.13756
8320000,1.13828
8360000,1.14602
8400000,1.14934
8440000,1.15861
8480000,1.13789
8520000,1.2072
8560000,2.27724
8600000,2.6011
8640000,1.87106
8680000,2.20905
8720000,2.64099
8760000,2.25113
8800000,1.848
8840000,4.94115
8880000,1.75454
8920000,2.02087
8960000,2.03621
9000000,2.24144
9040000,2.99046
9080000,2.23901
9120000,1.86383
9160000,1.99304
9200000,2.0066
9240000,1.81233
9280000,2.28046
9320000,2.18119
