40000,1.07643
80000,1.06628
120000,1.07342
160000,1.08996
200000,1.08804
240000,1.08371
280000,1.07861
320000,1.07251
360000,1.07834
400000,1.07767
440000,1.07774
480000,1.07776
520000,1.07703
560000,1.08618
600000,1.07867
640000,1.07709
680000,1.07852
720000,1.07898
760000,1.07817
800000,1.07261
840000,1.07093
880000,1.06929
920000,1.07353
960000,1.0734
1000000,1.07033
1040000,1.07212
1080000,1.08871
1120000,1.07599
1160000,1.07594
1200000,1.07531
1240000,1.07476
1280000,1.07469
1320000,1.07379
1360000,1.0736
1400000,1.07576
1440000,1.07623
1480000,1.07568
1520000,1.07575
1560000,1.0744
1600000,1.07431
1640000,1.06626
1680000,1.06832
1720000,1.06944
1760000,1.06722
1800000,1.06516
1840000,1.06327
1880000,1.066
1920000,1.07205
1960000,1.06744
2000000,1.06579
2040000,1.06411
2080000,1.09458
2120000,1.07227
2160000,1.0734
2200000,1.07421
2240000,1.07124
2280000,1.07203
2320000,1.0759
2360000,1.07782
2400000,1.07393
2440000,1.0742
2480000,1.07258
2520000,1.07442
2560000,1.07487
2600000,1.07653
2640000,1.07726
2680000,1.072
2720000,1.07108
2760000,1.07472
2800000,1.07845
2840000,1.07868
2880000,1.0796
2920000,1.08036
2960000,1.07993
3000000,1.08003
3040000,1.07909
3080000,1.08012
3120000,1.08055
3160000,1.08034
3200000,1.07852
3240000,1.07959
3280000,1.07801
3320000,1.07771
3360000,1.079
3400000,1.07863
3440000,1.07968
3480000,1.07886
3520000,1.0778
3560000,1.0759
3600000,1.0703
3640000,1.07446
3680000,1.07369
3720000,1.07153
3760000,1.07432
3800000,1.07218
3840000,1.07193
3880000,1.07151
3920000,1.07394
3960000,1.07268
4000000,1.06982
4040000,1.07263
4080000,1.07361
4120000,1.07177
4160000,1.12097
4200000,1.06927
4240000,1.06915
4280000,1.06799
4320000,1.06834
4360000,1.067
4400000,1.07347
4440000,1.07861
4480000,1.08003
4520000,1.07663
4560000,1.07686
4600000,1.07668
4640000,1.07857
4680000,1.07802
4720000,1.07863
4760000,1.07769
4800000,1.07578
4840000,1.07504
4880000,1.07758
4920000,1.07264
4960000,1.0702
5000000,1.07282
5040000,1.07111
5080000,1.07405
5120000,1.06971
5160000,1.07035
5200000,1.07322
5240000,1.07163
5280000,1.0693
5320000,1.07054
5360000,1.07143
5400000,1.07059
5440000,1.07001
5480000,1.07018
5520000,1.07032
5560000,1.07177
5600000,1.06969
5640000,1.07387
5680000,1.07242
5720000,1.07227
5760000,1.07062
5800000,1.06862
5840000,1.06943
5880000,1.07195
5920000,1.07069
5960000,1.06864
6000000,1.07082
6040000,1.07088
6080000,1.06623
6120000,1.07053
6160000,1.07034
6200000,1.07058
6240000,1.07008
6280000,1.0686
6320000,1.06903
6360000,1.07644
6400000,1.0773
6440000,1.07697
6480000,1.07887
6520000,1.07796
6560000,1.07799
6600000,1.07759
6640000,1.07783
6680000,1.07907
6720000,1.0783
6760000,1.07761
6800000,1.07574
6840000,1.0754
6880000,1.07261
6920000,1.06962
6960000,1.07566
7000000,1.07752
7040000,1.0799
7080000,1.07622
7120000,1.07908
7160000,1.08612
7200000,1.08707
7240000,1.08573
7280000,1.0875
7320000,1.08822
7360000,1.08782
7400000,1.08795
7440000,1.08706
7480000,1.08458
7520000,1.08837
7560000,1.08744
7600000,1.08976
7640000,1.08836
7680000,1.08716
7720000,1.08802
7760000,1.08962
7800000,1.08776
7840000,1.0841
7880000,1.08377
7920000,1.08485
7960000,1.23629
8000000,57.8407
8040000,1.10285
8080000,1.09335
8120000,1.09296
8160000,1.0932
8200000,1.09159
8240000,1.09027
8280000,1.0905
8320000,1.09035
8360000,1.09599
8400000,1.18805
8440000,1.13364
8480000,1.12369
8520000,1.08505
8560000,1.08655
8600000,1.08661
8640000,1.08675
8680000,1.09384
8720000,1.08884
8760000,1.08874
8800000,1.08925
8840000,1.09689
8880000,1.09877
8920000,1.08827
8960000,1.08786
9000000,1.08797
9040000,1.08972
9080000,1.09423
9120000,1.08881
9160000,1.08996
9200000,1.08696
9240000,1.09116
9280000,1.09407
9320000,1.09121
9360000,1.09118
9400000,1.09122
9440000,1.0917
9480000,1.09753
9520000,1.09709
9560000,1.09503
9600000,1.096
9640000,1.08954
9680000,1.09082
9720000,1.08935
9760000,1.08817
9800000,1.08893
9840000,1.09269
9880000,1.08927
9920000,1.09009
9960000,1.08686
10000000,1.08865
10040000,1.0941
10080000,1.09577
10120000,1.09443
10160000,1.09541
10200000,1.09658
10240000,1.09552
10280000,1.09741
10320000,1.09649
10360000,1.09692
10400000,1.09902
10440000,1.09877
10480000,1.09789
10520000,1.09881
10560000,1.0947
10600000,1.08804
10640000,1.09368
10680000,1.08905
10720000,1.08962
10760000,1.0929
10800000,1.09266
10840000,1.09596
10880000,1.09656
10920000,1.09832
10960000,1.09945
11000000,1.09805
11040000,1.09952
11080000,1.10018
11120000,1.09818
11160000,1.09804
11200000,1.09841
11240000,1.09926
11280000,1.09617
11320000,1.09528
11360000,1.10558
11400000,1.09854
11440000,1.09802
11480000,1.09998
11520000,1.09821
11560000,1.09644
11600000,1.09914
11640000,1.09877
11680000,1.0982
11720000,1.09468
11760000,1.09453
11800000,1.09471
11840000,1.09646
11880000,1.09691
11920000,1.09613
11960000,1.09655
12000000,1.09527
12040000,1.09131
12080000,1.08991
12120000,1.09493
12160000,1.08988
12200000,1.0909
12240000,1.09534
12280000,1.09081
12320000,1.09125
12360000,1.09208
12400000,1.08813
12440000,1.09634
12480000,1.0883
12520000,1.08963
12560000,1.09137
12600000,1.09411
12640000,1.09752
12680000,1.09229
12720000,1.08687
12760000,1.09518
12800000,1.08935
12840000,1.08639
12880000,1.09091
12920000,1.09181
12960000,1.08772
13000000,1.09121
13040000,1.08851
13080000,1.08771
13120000,1.08915
13160000,1.09248
13200000,1.09109
13240000,1.09301
13280000,1.09499
13320000,1.09629
13360000,1.09925
13400000,1.09855
13440000,1.09864
13480000,1.09978
13520000,1.09465
13560000,1.08853
13600000,1.08739
13640000,1.09193
13680000,1.09405
13720000,1.09148
13760000,1.0902
13800000,1.0984
13840000,1.09978
13880000,1.09932
13920000,1.09971
13960000,1.09815
14000000,1.09867
14040000,1.09754
14080000,1.09928
14120000,1.10083
14160000,1.09932
14200000,1.09847
14240000,1.09912
14280000,1.09907
14320000,1.09998
14360000,1.09879
14400000,1.09939
14440000,1.09879
14480000,1.09865
14520000,1.09855
14560000,1.09926
14600000,1.0994
14640000,1.0974
14680000,1.09924
14720000,1.09981
14760000,1.09824
14800000,1.09797
14840000,1.09963
14880000,1.09919
14920000,1.09956
14960000,1.09804
15000000,1.09441
15040000,1.09652
15080000,1.09979
15120000,1.09626
15160000,1.09524
15200000,1.09619
15240000,1.09256
15280000,1.09669
15320000,1.09887
15360000,1.09537
15400000,1.09865
15440000,1.09811
15480000,1.09666
15520000,1.09128
15560000,1.09381
15600000,1.09219
15640000,1.08925
15680000,1.09151
15720000,1.08626
15760000,1.0879
15800000,1.08876
15840000,1.08589
15880000,1.09494
15920000,1.12021
15960000,1.2192
16000000,107.453
16040000,1.23072
16080000,1.09126
16120000,1.0915
16160000,1.08974
16200000,1.09103
16240000,1.08744
16280000,1.08629
16320000,1.08742
16360000,1.08757
16400000,1.08748
16440000,1.08269
16480000,1.08308
16520000,1.08464
16560000,1.08633
16600000,1.08819
16640000,1.0871
16680000,1.08665
16720000,1.08878
16760000,1.08485
16800000,1.091
16840000,1.08959
16880000,1.08641
16920000,1.08532
16960000,1.082
17000000,1.08778
17040000,1.08963
17080000,1.08972
17120000,1.09156
17160000,1.08443
17200000,1.0841
17240000,1.08823
17280000,1.09135
17320000,1.08759
17360000,1.08893
17400000,1.09008
17440000,1.09147
17480000,1.08994
17520000,1.09072
17560000,1.09151
17600000,1.08945
17640000,1.0902
17680000,1.09114
17720000,1.09166
17760000,1.08439
17800000,1.08409
17840000,1.08742
17880000,1.09002
17920000,1.09257
17960000,1.09011
18000000,1.09055
18040000,1.0906
18080000,1.08785
18120000,1.08691
18160000,1.08877
18200000,1.08877
18240000,1.08908
18280000,1.08859
18320000,1.08781
18360000,1.09114
18400000,1.09077
18440000,1.09158
18480000,1.09067
18520000,1.09081
18560000,1.09293
18600000,1.09172
18640000,1.08486
18680000,1.08459
18720000,1.08171
18760000,1.08221
18800000,1.09029
18840000,1.09177
18880000,1.09143
18920000,1.0921
18960000,1.09036
19000000,1.09299
19040000,1.09091
19080000,1.09125
19120000,1.09153
19160000,1.08815
19200000,1.08823
19240000,1.08724
19280000,1.09048
19320000,1.08877
19360000,1.08886
19400000,1.08952
19440000,1.09288
19480000,1.09065
19520000,1.08857
19560000,1.08825
19600000,1.08638
19640000,1.08706
19680000,1.09202
19720000,1.09083
19760000,1.09069
19800000,1.09106
19840000,1.09183
19880000,1.09125
19920000,1.09156
19960000,1.09001
20000000,1.09189
20040000,1.0907
20080000,1.0863
20120000,1.08786
20160000,1.09322
20200000,1.08962
20240000,1.09243
20280000,1.092
20320000,1.09044
20360000,1.09159
20400000,1.0878
20440000,1.09137
20480000,1.08824
20520000,1.08901
20560000,1.09158
20600000,1.09214
20640000,1.09345
20680000,1.09173
20720000,1.09121
20760000,1.09093
20800000,1.09155
20840000,1.09312
20880000,1.09113
20920000,1.09112
20960000,1.0911
21000000,1.09137
21040000,1.08966
21080000,1.08838
21120000,1.09051
21160000,1.0879
21200000,1.09014
21240000,1.09141
21280000,1.09023
21320000,1.09347
21360000,1.09095
21400000,1.09111
21440000,1.0907
21480000,1.09217
21520000,1.09161
21560000,1.09246
21600000,1.08992
21640000,1.0908
21680000,1.09056
21720000,1.08978
21760000,1.09275
21800000,1.09049
21840000,1.0878
21880000,1.09264
21920000,1.09194
21960000,1.08776
22000000,1.09194
22040000,1.09215
22080000,1.09142
22120000,1.09075
22160000,1.09117
22200000,1.08932
22240000,1.08946
22280000,1.08856
22320000,1.09141
22360000,1.09095
22400000,1.0904
22440000,1.0904
22480000,1.09117
22520000,1.09136
22560000,1.09408
22600000,1.09123
22640000,1.0921
22680000,1.09165
22720000,1.09021
22760000,1.09155
22800000,1.09247
22840000,1.09268
22880000,1.09342
22920000,1.09204
22960000,1.0915
23000000,1.0899
23040000,1.09015
23080000,1.0944
23120000,1.08993
23160000,1.09135
23200000,1.09098
23240000,1.09287
23280000,1.09117
23320000,1.08999
23360000,1.09199
23400000,1.09428
23440000,1.09232
23480000,1.09252
23520000,1.09386
23560000,1.09267
23600000,1.08995
23640000,1.09237
23680000,1.09229
23720000,1.0908
23760000,1.08861
23800000,1.08671
23840000,1.08547
23880000,1.08544
23920000,1.10665
23960000,1.30507
24000000,58.8637
24040000,1.13425
24080000,1.10086
24120000,1.09778
24160000,1.09632
24200000,1.09147
24240000,1.09135
24280000,1.09545
24320000,1.09664
24360000,1.09458
24400000,1.09498
24440000,1.0947
24480000,1.09526
24520000,1.09723
24560000,1.09537
24600000,1.09339
24640000,1.0924
24680000,1.09501
24720000,1.09498
24760000,1.09517
24800000,1.09518
24840000,1.09679
24880000,1.09761
24920000,1.09659
24960000,1.10039
25000000,1.09789
25040000,1.10029
25080000,1.09955
25120000,1.09946
25160000,1.09952
25200000,1.09492
25240000,1.09676
25280000,1.09308
25320000,1.09574
25360000,1.09273
25400000,1.09364
25440000,1.09436
25480000,1.09342
25520000,1.09324
25560000,1.09229
25600000,1.09022
25640000,1.09276
25680000,1.0997
25720000,1.09972
25760000,1.10025
25800000,1.09757
25840000,1.09863
25880000,1.09684
25920000,1.09727
25960000,1.09773
26000000,1.09674
26040000,1.09496
26080000,1.09838
26120000,1.09857
26160000,1.09824
26200000,1.10068
26240000,1.09938
26280000,1.09896
26320000,1.09888
26360000,1.09902
26400000,1.10054
26440000,1.10047
26480000,1.10227
26520000,1.10233
26560000,1.10044
26600000,1.09758
26640000,1.09794
26680000,1.09635
26720000,1.099
26760000,1.09827
26800000,1.10008
26840000,1.10024
26880000,1.09954
26920000,1.09707
26960000,1.09449
27000000,1.09513
27040000,1.09656
27080000,1.09291
27120000,1.09546
27160000,1.094
27200000,1.09089
27240000,1.09296
27280000,1.09315
27320000,1.09334
27360000,1.09276
27400000,1.09676
27440000,1.09866
27480000,1.09807
27520000,1.0977
27560000,1.09724
27600000,1.09861
27640000,1.09732
27680000,1.0994
27720000,1.09788
27760000,1.09982
27800000,1.1019
27840000,1.10297
27880000,1.09829
27920000,1.09583
27960000,1.09754
28000000,1.09814
28040000,1.09848
28080000,1.09998
28120000,1.09859
28160000,1.09908
28200000,1.1008
28240000,1.10134
28280000,1.10203
28320000,1.10061
28360000,1.10041
28400000,1.09643
28440000,1.09778
28480000,1.09708
28520000,1.09693
28560000,1.10111
28600000,1.09885
28640000,1.09841
28680000,1.10063
28720000,1.10087
28760000,1.09964
28800000,1.09983
28840000,1.09918
28880000,1.09893
28920000,1.09935
28960000,1.09983
29000000,1.10029
29040000,1.10007
29080000,1.09543
29120000,1.09708
29160000,1.10169
29200000,1.10107
29240000,1.0999
29280000,1.10045
29320000,1.10009
29360000,1.09962
29400000,1.10002
29440000,1.09995
29480000,1.09918
29520000,1.10128
29560000,1.10173
29600000,1.10045
29640000,1.09952
29680000,1.09421
29720000,1.09299
29760000,1.09572
29800000,1.09283
29840000,1.09234
29880000,1.0915
29920000,1.0996
29960000,1.09792
30000000,1.0981
30040000,1.10025
30080000,1.10018
30120000,1.10018
30160000,1.09981
30200000,1.09965
30240000,1.09935
30280000,1.09897
30320000,1.09968
30360000,1.09875
30400000,1.10051
30440000,1.10059
30480000,1.10124
30520000,1.10118
30560000,1.09948
30600000,1.10239
30640000,1.09887
30680000,1.10045
30720000,1.09935
30760000,1.10139
30800000,1.09901
30840000,1.09759
30880000,1.09996
30920000,1.0969
30960000,1.10004
31000000,1.09968
31040000,1.09882
31080000,1.09757
31120000,1.09797
31160000,1.09533
31200000,1.09532
31240000,1.09641
31280000,1.09536
31320000,1.09376
31360000,1.09277
31400000,1.09849
31440000,1.09913
31480000,1.09859
31520000,1.09941
31560000,1.10002
31600000,1.09838
31640000,1.1015
31680000,1.09945
31720000,1.09732
31760000,1.09613
31800000,1.09522
31840000,1.09761
31880000,1.09978
31920000,1.12305
31960000,1.32618
32000000,79.7647
32040000,1.17312
32080000,1.09093
32120000,1.08974
32160000,1.09082
32200000,1.09254
32240000,1.09216
32280000,1.09435
32320000,1.09233
32360000,1.09248
32400000,1.09151
32440000,1.09114
32480000,1.09138
32520000,1.09273
32560000,1.09188
32600000,1.09187
32640000,1.09346
32680000,1.09326
32720000,1.09079
32760000,1.09196
32800000,1.08953
32840000,1.08715
32880000,1.08877
32920000,1.09038
32960000,1.08803
33000000,1.08407
33040000,1.07961
33080000,1.08678
33120000,1.08954
33160000,1.08687
33200000,1.08787
33240000,1.0865
33280000,1.08523
33320000,1.09046
33360000,1.08315
33400000,1.09938
33440000,1.09359
33480000,1.09321
33520000,1.09239
33560000,1.0928
33600000,1.09284
33640000,1.09731
33680000,1.09259
33720000,1.09311
33760000,1.09432
33800000,1.09165
33840000,1.09385
33880000,1.09292
33920000,1.09504
33960000,1.09411
34000000,1.09195
34040000,1.09258
34080000,1.09316
34120000,1.09436
34160000,1.09381
34200000,1.09303
34240000,1.0945
34280000,1.09334
34320000,1.09194
34360000,1.09185
34400000,1.0871
34440000,1.08711
34480000,1.08594
34520000,1.08975
34560000,1.09026
34600000,1.08929
34640000,1.09049
34680000,1.08834
34720000,1.09161
34760000,1.09337
34800000,1.09011
34840000,1.09123
34880000,1.09037
34920000,1.09301
34960000,1.09075
35000000,1.08908
35040000,1.08959
35080000,1.08838
35120000,1.09268
35160000,1.09468
35200000,1.09179
35240000,1.09431
35280000,1.09246
35320000,1.0927
35360000,1.09149
35400000,1.09286
35440000,1.09396
35480000,1.09195
35520000,1.09482
35560000,1.09469
35600000,1.09293
35640000,1.09222
35680000,1.09165
35720000,1.09109
35760000,1.08742
35800000,1.08976
35840000,1.09086
35880000,1.09177
35920000,1.0921
35960000,1.09141
36000000,1.09265
36040000,1.0917
36080000,1.09131
36120000,1.091
36160000,1.09217
36200000,1.09225
36240000,1.09287
36280000,1.09371
36320000,1.0937
36360000,1.0933
36400000,1.0911
36440000,1.09151
36480000,1.09248
36520000,1.09208
36560000,1.09366
36600000,1.09168
36640000,1.09025
36680000,1.08759
36720000,1.09067
36760000,1.09316
36800000,1.09173
36840000,1.09401
36880000,1.09347
36920000,1.09225
36960000,1.09151
37000000,1.09343
37040000,1.09166
37080000,1.09073
37120000,1.09161
37160000,1.08563
37200000,1.08773
37240000,1.09016
37280000,1.09058
37320000,1.08821
37360000,1.09232
37400000,1.08873
37440000,1.09061
37480000,1.09288
37520000,1.09265
37560000,1.08854
37600000,1.0873
37640000,1.08942
37680000,1.09043
37720000,1.09016
37760000,1.08794
37800000,1.08984
37840000,1.09099
37880000,1.09323
37920000,1.09158
37960000,1.09105
38000000,1.09275
38040000,1.09171
38080000,1.0909
38120000,1.08876
38160000,1.09004
38200000,1.08971
38240000,1.08995
38280000,1.08907
38320000,1.09207
38360000,1.09425
38400000,1.09324
38440000,1.09353
38480000,1.09351
38520000,1.09164
38560000,1.09365
38600000,1.09357
38640000,1.09347
38680000,1.0935
38720000,1.09221
38760000,1.09308
38800000,1.09289
38840000,1.09212
38880000,1.09309
38920000,1.09209
38960000,1.0928
39000000,1.09211
39040000,1.0901
39080000,1.09024
39120000,1.09339
39160000,1.09201
39200000,1.09195
39240000,1.09289
39280000,1.09168
39320000,1.09091
39360000,1.09258
39400000,1.09231
39440000,1.09209
39480000,1.09243
39520000,1.09147
39560000,1.09197
39600000,1.09279
39640000,1.09207
39680000,1.09286
39720000,1.09103
39760000,1.09174
39800000,1.09021
39840000,1.09133
39880000,1.09016
39920000,1.11333
39960000,1.32011
40000000,108.065
inserts took 1497.96 seconds.
