40000,0.0835211
80000,0.082669
120000,0.0836921
160000,0.0846
200000,0.0832498
240000,0.08359
280000,0.0861731
320000,0.0831549
360000,0.083231
400000,0.0831699
440000,0.083714
480000,0.08337
520000,0.0830951
560000,0.0882909
600000,0.0830989
640000,0.083358
680000,0.0830181
720000,0.0838089
760000,0.083375
800000,0.083102
840000,0.083112
880000,0.0832489
920000,0.0832109
960000,0.0833321
1000000,0.0828421
1040000,0.0831289
1080000,0.093534
1120000,0.083178
1160000,0.083142
1200000,0.083586
1240000,0.0830479
1280000,0.0829911
1320000,0.0830309
1360000,0.0831521
1400000,0.0832901
1440000,0.0834212
1480000,0.082922
1520000,0.082871
1560000,0.0828509
1600000,0.0832579
1640000,0.0830212
1680000,0.083173
1720000,0.083041
1760000,0.0830982
1800000,0.0831871
1840000,0.083035
1880000,0.08339
1920000,0.0831189
1960000,0.0830159
2000000,0.08304
2040000,0.08289
2080000,0.103572
2120000,0.0848479
2160000,0.083853
2200000,0.083647
2240000,0.0842369
2280000,0.088289
2320000,0.084228
2360000,0.0856929
2400000,0.0836852
2440000,0.0835681
2480000,0.0837159
2520000,0.0869851
2560000,0.0839689
2600000,0.0840709
2640000,0.0837901
2680000,0.0836558
2720000,0.0837409
2760000,0.0836039
2800000,0.083961
2840000,0.083739
2880000,0.0837541
2920000,0.0836658
2960000,0.083699
3000000,0.0834961
3040000,0.083374
3080000,0.083756
3120000,0.083739
3160000,0.083288
3200000,0.083792
3240000,0.0835419
3280000,0.0835741
3320000,0.0841472
3360000,0.0838351
3400000,0.0837791
3440000,0.0839221
3480000,0.083519
3520000,0.0837889
3560000,0.0837939
3600000,0.083668
3640000,0.083672
3680000,0.0835972
3720000,0.0835471
3760000,0.0837309
3800000,0.0839241
3840000,0.083724
3880000,0.083637
3920000,0.0834942
3960000,0.0833828
4000000,0.0835621
4040000,0.0840111
4080000,0.083528
4120000,0.083688
4160000,0.124475
4200000,0.084614
4240000,0.095875
4280000,0.0944231
4320000,0.103472
4360000,0.106971
4400000,0.0884881
4440000,0.0847559
4480000,0.0846889
4520000,0.0845101
4560000,0.084368
4600000,0.084677
4640000,0.0854461
4680000,0.089849
4720000,0.0854089
4760000,0.085006
4800000,0.0852861
4840000,0.0841801
4880000,0.0847762
4920000,0.0841579
4960000,0.0860779
5000000,0.0838249
5040000,0.0839651
5080000,0.0840461
5120000,0.0839479
5160000,0.0840101
5200000,0.084192
5240000,0.0840001
5280000,0.0839012
5320000,0.0840502
5360000,0.0838139
5400000,0.0840909
5440000,0.0841382
5480000,0.083945
5520000,0.0840371
5560000,0.0838001
5600000,0.0841129
5640000,0.084765
5680000,0.0844078
5720000,0.0844171
5760000,0.0850501
5800000,0.087507
5840000,0.087266
5880000,0.0878899
5920000,0.0851371
5960000,0.087775
6000000,0.088624
6040000,0.089498
6080000,0.0917809
6120000,0.088026
6160000,0.085892
6200000,0.0851018
6240000,0.0848122
6280000,0.0840199
6320000,0.0844769
6360000,0.084722
6400000,0.0843689
6440000,0.0986209
6480000,0.0865681
6520000,0.0861039
6560000,0.0850859
6600000,0.0910978
6640000,0.092891
6680000,0.0865722
6720000,0.0852568
6760000,0.0854161
6800000,0.115208
6840000,0.11656
6880000,0.0910251
6920000,0.087085
6960000,0.0887611
7000000,0.087532
7040000,0.087023
7080000,0.0861461
7120000,0.085593
7160000,0.202625
7200000,0.109791
7240000,0.110884
7280000,0.111805
7320000,0.117605
7360000,0.11396
7400000,0.112018
7440000,0.111154
7480000,0.110076
7520000,0.110142
7560000,0.107011
7600000,0.106822
7640000,0.107261
7680000,0.106694
7720000,0.10689
7760000,0.106805
7800000,0.106755
7840000,0.109702
7880000,0.109206
7920000,0.10833
7960000,0.104956
8000000,2.19715
8040000,0.090354
8080000,0.0892179
8120000,0.0865591
8160000,0.0847449
8200000,0.0830851
8240000,0.0831599
8280000,0.0833111
8320000,0.083725
8360000,0.0830631
8400000,0.0842981
8440000,0.0848391
8480000,0.0972071
8520000,0.085218
8560000,0.0884109
8600000,0.0846081
8640000,0.0840049
8680000,0.0917079
8720000,0.085922
8760000,0.0851011
8800000,0.08515
8840000,0.0884979
8880000,0.0913231
8920000,0.116859
8960000,0.086235
9000000,0.0843992
9040000,0.0837438
9080000,0.0843759
9120000,0.0845571
9160000,0.0848629
9200000,0.0851519
9240000,0.085732
9280000,0.0848119
9320000,0.0845671
9360000,0.0842052
9400000,0.08392
9440000,0.0837219
9480000,0.083828
9520000,0.083498
9560000,0.083668
9600000,0.0837221
9640000,0.08358
9680000,0.0834739
9720000,0.0836561
9760000,0.0836899
9800000,0.0849049
9840000,0.0840569
9880000,0.083566
9920000,0.0837052
9960000,0.0840409
10000000,0.0841398
10040000,0.083895
10080000,0.084096
10120000,0.083914
10160000,0.104385
10200000,0.0907068
10240000,0.091078
10280000,0.0886471
10320000,0.0865052
10360000,0.0845132
10400000,0.08448
10440000,0.0843959
10480000,0.0842378
10520000,0.0840881
10560000,0.083472
10600000,0.0827279
10640000,0.083205
10680000,0.0835741
10720000,0.0835862
10760000,0.0828969
10800000,0.08307
10840000,0.0828791
10880000,0.083127
10920000,0.0833559
10960000,0.083344
11000000,0.0830412
11040000,0.0832591
11080000,0.0829241
11120000,0.0830181
11160000,0.0833061
11200000,0.0828879
11240000,0.082824
11280000,0.0831101
11320000,0.0835662
11360000,0.083271
11400000,0.0830669
11440000,0.083184
11480000,0.0831819
11520000,0.0829329
11560000,0.083643
11600000,0.0834799
11640000,0.082957
11680000,0.0829489
11720000,0.0827708
11760000,0.083189
11800000,0.0833251
11840000,0.0832841
11880000,0.0832071
11920000,0.083185
11960000,0.0829251
12000000,0.0829499
12040000,0.0831411
12080000,0.0828879
12120000,0.08283
12160000,0.0829859
12200000,0.083009
12240000,0.0832851
12280000,0.0831709
12320000,0.082984
12360000,0.082855
12400000,0.0832069
12440000,0.0828099
12480000,0.0830941
12520000,0.0829589
12560000,0.0827661
12600000,0.0833399
12640000,0.0831029
12680000,0.083071
12720000,0.083401
12760000,0.0831969
12800000,0.083425
12840000,0.083225
12880000,0.0830879
12920000,0.083257
12960000,0.0830679
13000000,0.0833859
13040000,0.0832489
13080000,0.083199
13120000,0.083297
13160000,0.082844
13200000,0.0833659
13240000,0.0836082
13280000,0.083365
13320000,0.0832601
13360000,0.0829852
13400000,0.0830159
13440000,0.0834279
13480000,0.0833242
13520000,0.0832679
13560000,0.0832109
13600000,0.0834401
13640000,0.082938
13680000,0.083164
13720000,0.0838919
13760000,0.0839319
13800000,0.0833039
13840000,0.0829868
13880000,0.083189
13920000,0.0833189
13960000,0.0837781
14000000,0.084054
14040000,0.08337
14080000,0.082911
14120000,0.0831549
14160000,0.083164
14200000,0.08307
14240000,0.0831211
14280000,0.0830901
14320000,0.0832191
14360000,0.0830591
14400000,0.0829821
14440000,0.0833211
14480000,0.0832341
14520000,0.0833869
14560000,0.083698
14600000,0.0836508
14640000,0.0836611
14680000,0.084285
14720000,0.0843871
14760000,0.083045
14800000,0.0829141
14840000,0.0829439
14880000,0.0829132
14920000,0.0834999
14960000,0.0835671
15000000,0.0839949
15040000,0.0838389
15080000,0.0836208
15120000,0.130367
15160000,0.106963
15200000,0.10475
15240000,0.10497
15280000,0.10477
15320000,0.104103
15360000,0.104056
15400000,0.104144
15440000,0.104273
15480000,0.104615
15520000,0.104611
15560000,0.105127
15600000,0.104841
15640000,0.104575
15680000,0.103818
15720000,0.104283
15760000,0.104959
15800000,0.105342
15840000,0.105257
15880000,0.105994
15920000,0.106945
15960000,0.106719
16000000,2.53293
16040000,0.08763
16080000,0.0871971
16120000,0.0865779
16160000,0.084754
16200000,0.083369
16240000,0.083252
16280000,0.083322
16320000,0.0831442
16360000,0.083323
16400000,0.083087
16440000,0.083333
16480000,0.0841289
16520000,0.0846751
16560000,0.085434
16600000,0.085921
16640000,0.0857739
16680000,0.085407
16720000,0.0854061
16760000,0.0858572
16800000,0.085676
16840000,0.084938
16880000,0.083668
16920000,0.0834
16960000,0.0833981
17000000,0.0832429
17040000,0.082979
17080000,0.0837049
17120000,0.0868931
17160000,0.0830019
17200000,0.0826352
17240000,0.082813
17280000,0.0826421
17320000,0.082536
17360000,0.0824351
17400000,0.0825701
17440000,0.082541
17480000,0.0828781
17520000,0.082305
17560000,0.082788
17600000,0.08448
17640000,0.082612
17680000,0.0825381
17720000,0.082495
17760000,0.0827279
17800000,0.082454
17840000,0.0825269
17880000,0.0823519
17920000,0.0826931
17960000,0.082747
18000000,0.0826299
18040000,0.082602
18080000,0.083672
18120000,0.0826089
18160000,0.0824759
18200000,0.0824718
18240000,0.11386
18280000,0.0860291
18320000,0.085731
18360000,0.084754
18400000,0.083931
18440000,0.083005
18480000,0.082253
18520000,0.0824921
18560000,0.083271
18600000,0.082546
18640000,0.082653
18680000,0.082639
18720000,0.08272
18760000,0.082572
18800000,0.083025
18840000,0.082855
18880000,0.0828919
18920000,0.0824351
18960000,0.0824819
19000000,0.0830791
19040000,0.083015
19080000,0.0826719
19120000,0.0825951
19160000,0.082531
19200000,0.0827029
19240000,0.082408
19280000,0.082809
19320000,0.0826042
19360000,0.082756
19400000,0.08283
19440000,0.0826201
19480000,0.0826049
19520000,0.083077
19560000,0.0827231
19600000,0.0829532
19640000,0.0828571
19680000,0.082669
19720000,0.083071
19760000,0.0831919
19800000,0.0826881
19840000,0.0828271
19880000,0.0825989
19920000,0.0826991
19960000,0.082901
20000000,0.083142
20040000,0.0827861
20080000,0.0824909
20120000,0.0826938
20160000,0.0831292
20200000,0.0829952
20240000,0.0827742
20280000,0.0823672
20320000,0.082731
20360000,0.083003
20400000,0.082752
20440000,0.0828378
20480000,0.0828481
20520000,0.0824831
20560000,0.082669
20600000,0.082757
20640000,0.0834391
20680000,0.0828531
20720000,0.082602
20760000,0.0825031
20800000,0.0829289
20840000,0.083149
20880000,0.083647
20920000,0.083415
20960000,0.0861011
21000000,0.0848529
21040000,0.0834541
21080000,0.0831711
21120000,0.0828538
21160000,0.082598
21200000,0.0827119
21240000,0.0832329
21280000,0.0827329
21320000,0.0828321
21360000,0.0830739
21400000,0.084523
21440000,0.0860791
21480000,0.0849259
21520000,0.0836239
21560000,0.0834651
21600000,0.0836091
21640000,0.082675
21680000,0.0831809
21720000,0.0826318
21760000,0.0826609
21800000,0.082674
21840000,0.0825489
21880000,0.0827699
21920000,0.0830061
21960000,0.0826919
22000000,0.083081
22040000,0.0828431
22080000,0.0831101
22120000,0.082762
22160000,0.0826271
22200000,0.0826278
22240000,0.0825901
22280000,0.0828271
22320000,0.0826931
22360000,0.0828791
22400000,0.082741
22440000,0.0827329
22480000,0.083739
22520000,0.0829871
22560000,0.082731
22600000,0.082628
22640000,0.0825469
22680000,0.0826919
22720000,0.082881
22760000,0.082938
22800000,0.0826349
22840000,0.082721
22880000,0.0828402
22920000,0.0828049
22960000,0.0827801
23000000,0.0828822
23040000,0.0831699
23080000,0.0829449
23120000,0.128271
23160000,0.104068
23200000,0.104577
23240000,0.104098
23280000,0.104505
23320000,0.10427
23360000,0.104227
23400000,0.103964
23440000,0.104054
23480000,0.104228
23520000,0.104347
23560000,0.104096
23600000,0.104126
23640000,0.104079
23680000,0.104525
23720000,0.104008
23760000,0.104061
23800000,0.105484
23840000,0.107246
23880000,0.105436
23920000,0.104162
23960000,0.104117
24000000,2.0159
24040000,0.087007
24080000,0.087184
24120000,0.0874569
24160000,0.0860372
24200000,0.0850348
24240000,0.083585
24280000,0.083333
24320000,0.0834029
24360000,0.0833619
24400000,0.0856071
24440000,0.08372
24480000,0.0835738
24520000,0.083338
24560000,0.083596
24600000,0.0847721
24640000,0.083797
24680000,0.083322
24720000,0.0836101
24760000,0.0835211
24800000,0.083154
24840000,0.0830638
24880000,0.08319
24920000,0.0832989
24960000,0.0833709
25000000,0.0830841
25040000,0.0832081
25080000,0.0825632
25120000,0.0829079
25160000,0.082382
25200000,0.0822959
25240000,0.08271
25280000,0.0826151
25320000,0.0825632
25360000,0.082588
25400000,0.0827291
25440000,0.082484
25480000,0.0825491
25520000,0.082598
25560000,0.0836039
25600000,0.0825899
25640000,0.0826321
25680000,0.0826459
25720000,0.0824518
25760000,0.0826242
25800000,0.0822849
25840000,0.0825679
25880000,0.0823572
25920000,0.0826249
25960000,0.0825071
26000000,0.0826108
26040000,0.0831549
26080000,0.0826011
26120000,0.082593
26160000,0.0825169
26200000,0.082504
26240000,0.115389
26280000,0.0943601
26320000,0.0870731
26360000,0.0848341
26400000,0.0828929
26440000,0.0823288
26480000,0.082727
26520000,0.083504
26560000,0.0825479
26600000,0.0824959
26640000,0.0829258
26680000,0.0826988
26720000,0.082478
26760000,0.0823891
26800000,0.082994
26840000,0.0826831
26880000,0.0827138
26920000,0.083338
26960000,0.084727
27000000,0.084363
27040000,0.082798
27080000,0.0832119
27120000,0.0826061
27160000,0.08252
27200000,0.0829098
27240000,0.0826361
27280000,0.0829539
27320000,0.0834939
27360000,0.0827699
27400000,0.0827298
27440000,0.0832031
27480000,0.0833881
27520000,0.0829079
27560000,0.0826998
27600000,0.0827329
27640000,0.08248
27680000,0.0823491
27720000,0.082464
27760000,0.0824571
27800000,0.0822549
27840000,0.082449
27880000,0.0822761
27920000,0.0828011
27960000,0.082788
28000000,0.0829239
28040000,0.0826709
28080000,0.082962
28120000,0.0829461
28160000,0.0822921
28200000,0.083003
28240000,0.083112
28280000,0.085984
28320000,0.0843501
28360000,0.084553
28400000,0.0829592
28440000,0.0829329
28480000,0.0829489
28520000,0.0827188
28560000,0.0826409
28600000,0.0827429
28640000,0.0826302
28680000,0.0823989
28720000,0.082742
28760000,0.0828242
28800000,0.0826349
28840000,0.082396
28880000,0.082746
28920000,0.083046
28960000,0.0824602
29000000,0.0825541
29040000,0.0826089
29080000,0.08272
29120000,0.0828722
29160000,0.082407
29200000,0.0827501
29240000,0.082777
29280000,0.082689
29320000,0.0824981
29360000,0.0830519
29400000,0.083174
29440000,0.082675
29480000,0.082346
29520000,0.0836589
29560000,0.083178
29600000,0.0823991
29640000,0.082716
29680000,0.0826361
29720000,0.0826759
29760000,0.0825291
29800000,0.083688
29840000,0.0843749
29880000,0.083205
29920000,0.0824809
29960000,0.0831959
30000000,0.0826788
30040000,0.0826519
30080000,0.082562
30120000,0.0824971
30160000,0.0828199
30200000,0.0828321
30240000,0.0826402
30280000,0.082448
30320000,0.0825739
30360000,0.0829458
30400000,0.082583
30440000,0.0830271
30480000,0.0830169
30520000,0.08429
30560000,0.0827222
30600000,0.0832391
30640000,0.082469
30680000,0.0828669
30720000,0.0826139
30760000,0.0827038
30800000,0.082767
30840000,0.083107
30880000,0.083014
30920000,0.0825491
30960000,0.0827379
31000000,0.0825291
31040000,0.082691
31080000,0.0829329
31120000,0.128731
31160000,0.10428
31200000,0.104204
31240000,0.104275
31280000,0.104746
31320000,0.104145
31360000,0.104093
31400000,0.104459
31440000,0.104146
31480000,0.104065
31520000,0.104164
31560000,0.10428
31600000,0.104285
31640000,0.104334
31680000,0.104647
31720000,0.104332
31760000,0.104736
31800000,0.10432
31840000,0.10419
31880000,0.104425
31920000,0.104299
31960000,0.104312
32000000,2.063
32040000,0.0862081
32080000,0.0848849
32120000,0.084199
32160000,0.0832741
32200000,0.0820382
32240000,0.0819499
32280000,0.082164
32320000,0.0819192
32360000,0.081933
32400000,0.0821521
32440000,0.082155
32480000,0.0821579
32520000,0.0829139
32560000,0.0825
32600000,0.0821631
32640000,0.0821242
32680000,0.082345
32720000,0.082315
32760000,0.082191
32800000,0.0823169
32840000,0.0823979
32880000,0.08234
32920000,0.0822232
32960000,0.0823841
33000000,0.08216
33040000,0.0823998
33080000,0.0821068
33120000,0.0825689
33160000,0.0820961
33200000,0.0826061
33240000,0.082489
33280000,0.0824459
33320000,0.082458
33360000,0.0822568
33400000,0.0823491
33440000,0.0824931
33480000,0.0824361
33520000,0.0829542
33560000,0.0826938
33600000,0.0825989
33640000,0.082361
33680000,0.0824862
33720000,0.0824759
33760000,0.082372
33800000,0.085597
33840000,0.0825481
33880000,0.0824881
33920000,0.082448
33960000,0.0827472
34000000,0.082653
34040000,0.08248
34080000,0.0825059
34120000,0.0824599
34160000,0.0826399
34200000,0.0826781
34240000,0.0874221
34280000,0.0871501
34320000,0.0849879
34360000,0.086349
34400000,0.084491
34440000,0.0825682
34480000,0.083323
34520000,0.0824518
34560000,0.082624
34600000,0.0824559
34640000,0.0824831
34680000,0.0824928
34720000,0.0824559
34760000,0.0824671
34800000,0.0824649
34840000,0.0832481
34880000,0.082581
34920000,0.0825999
34960000,0.084132
35000000,0.082628
35040000,0.082545
35080000,0.0825891
35120000,0.0825958
35160000,0.0823979
35200000,0.0828009
35240000,0.0828102
35280000,0.0836239
35320000,0.0839911
35360000,0.0830669
35400000,0.0826528
35440000,0.083894
35480000,0.084522
35520000,0.0852768
35560000,0.084218
35600000,0.0827789
35640000,0.082793
35680000,0.0828221
35720000,0.082727
35760000,0.082957
35800000,0.0830429
35840000,0.0825939
35880000,0.082767
35920000,0.0827541
35960000,0.0825579
36000000,0.082818
36040000,0.083077
36080000,0.0826859
36120000,0.0827532
36160000,0.0825329
36200000,0.0825522
36240000,0.082525
36280000,0.0826089
36320000,0.0826859
36360000,0.0826452
36400000,0.0827971
36440000,0.0824211
36480000,0.0824811
36520000,0.0828011
36560000,0.0825381
36600000,0.082468
36640000,0.082655
36680000,0.0826602
36720000,0.0826709
36760000,0.082952
36800000,0.082865
36840000,0.082741
36880000,0.0832231
36920000,0.0833261
36960000,0.0830061
37000000,0.0831091
37040000,0.0831249
37080000,0.082926
37120000,0.083096
37160000,0.08321
37200000,0.0829661
37240000,0.0830591
37280000,0.0829492
37320000,0.0831211
37360000,0.0832081
37400000,0.0830309
37440000,0.082978
37480000,0.0829251
37520000,0.0829792
37560000,0.0831451
37600000,0.083081
37640000,0.0829592
37680000,0.082984
37720000,0.082911
37760000,0.0829949
37800000,0.083158
37840000,0.0832939
37880000,0.0830019
37920000,0.0832961
37960000,0.0831192
38000000,0.0829771
38040000,0.0830331
38080000,0.0828969
38120000,0.083025
38160000,0.082927
38200000,0.0828879
38240000,0.08288
38280000,0.0830531
38320000,0.0835991
38360000,0.0831151
38400000,0.083065
38440000,0.0831008
38480000,0.0831599
38520000,0.0830212
38560000,0.0830688
38600000,0.083432
38640000,0.083122
38680000,0.08303
38720000,0.0831079
38760000,0.083153
38800000,0.0833659
38840000,0.0838511
38880000,0.0832729
38920000,0.083117
38960000,0.082809
39000000,0.0833049
39040000,0.0826209
39080000,0.0830851
39120000,0.130234
39160000,0.103962
39200000,0.104099
39240000,0.104231
39280000,0.103922
39320000,0.104135
39360000,0.103982
39400000,0.103751
39440000,0.10401
39480000,0.104062
39520000,0.103952
39560000,0.104077
39600000,0.104226
39640000,0.104492
39680000,0.104446
39720000,0.104661
39760000,0.104449
39800000,0.104207
39840000,0.104407
39880000,0.104968
39920000,0.104528
39960000,0.103895
40000000,2.14721
inserts took 97.0171 seconds.
vacuuming the db
vacuuming took 147.962 seconds.
creating an index on cardID
index creation took 60.9622 seconds.
doing selects
0,0.12974
1,0.000216007
2,0.00019908
3,0.000201941
4,0.000197887
5,0.000198126
6,0.000196934
7,0.000196934
8,0.000200987
9,0.00019598
10,0.000221968
11,0.00018692
12,0.000185966
13,0.000188112
14,0.000216007
15,0.000187874
16,0.000187159
17,0.000184774
18,0.000187159
19,0.00018692
20,0.00018692
21,0.000185966
22,0.000185013
23,0.000185966
24,0.000184774
25,0.000185013
26,0.000185013
27,0.000185966
28,0.000189066
29,0.000185013
30,0.000185013
31,0.000183821
32,0.000185013
33,0.000184059
34,0.000185013
35,0.000185013
36,0.000185013
37,0.000185013
38,0.000183821
39,0.000185013
40,0.000184059
41,0.000185013
42,0.000185013
43,0.000184059
44,0.000185966
45,0.000192881
46,0.000188112
47,0.000185013
48,0.000183821
49,0.000185013
50,0.000185013
51,0.000185966
52,0.000184059
53,0.000185013
54,0.000183821
55,0.000185013
56,0.000185966
57,0.000185013
58,0.000185013
59,0.000184059
60,0.000185013
61,0.000186205
62,0.000185013
63,0.000190973
64,0.000323057
65,0.000355959
66,0.000359058
67,0.000359058
68,0.000358105
69,0.000360012
70,0.000360966
71,0.000359058
72,0.000365973
73,0.000357866
74,0.000359774
75,0.000357866
76,0.000361204
77,0.000359058
78,0.000360966
79,0.000361204
80,0.000359058
81,0.000366926
82,0.000360012
83,0.000360012
84,0.000356913
85,0.000357866
86,0.000359058
87,0.000362158
88,0.000356913
89,0.000359058
90,0.000365019
91,0.00035882
92,0.00035882
93,0.000355005
94,0.000359058
95,0.000355005
96,0.000360012
97,0.000358105
98,0.000359058
99,0.000355959
selects took 0.1551 seconds.
