40000,0.11989
80000,0.122895
120000,0.122474
160000,0.124905
200000,0.123197
240000,0.123024
280000,0.124999
320000,0.124473
360000,0.124818
400000,0.121899
440000,0.120665
480000,0.123505
520000,0.120766
560000,0.12697
600000,0.119405
640000,0.120323
680000,0.119591
720000,0.119419
760000,0.120869
800000,0.120863
840000,0.120895
880000,0.120332
920000,0.120216
960000,0.121465
1000000,0.122287
1040000,0.121308
1080000,0.131416
1120000,0.121277
1160000,0.120884
1200000,0.120587
1240000,0.120443
1280000,0.120774
1320000,0.120502
1360000,0.121482
1400000,0.120763
1440000,0.121243
1480000,0.120734
1520000,0.119592
1560000,0.120956
1600000,0.121953
1640000,0.123273
1680000,0.139473
1720000,0.143551
1760000,0.137943
1800000,0.126786
1840000,0.126171
1880000,0.127342
1920000,0.128491
1960000,0.13059
2000000,0.125528
2040000,0.123083
2080000,0.140768
2120000,0.122588
2160000,0.121631
2200000,0.122012
2240000,0.12241
2280000,0.12098
2320000,0.120633
2360000,0.120892
2400000,0.121234
2440000,0.119888
2480000,0.120482
2520000,0.119989
2560000,0.119975
2600000,0.120167
2640000,0.12001
2680000,0.120634
2720000,0.120121
2760000,0.120316
2800000,0.120325
2840000,0.120478
2880000,0.120093
2920000,0.120345
2960000,0.122043
3000000,0.122287
3040000,0.122118
3080000,0.121719
3120000,0.121185
3160000,0.121909
3200000,0.123589
3240000,0.12158
3280000,0.121318
3320000,0.120835
3360000,0.123444
3400000,0.124321
3440000,0.123328
3480000,0.1208
3520000,0.121065
3560000,0.12014
3600000,0.120089
3640000,0.120527
3680000,0.121258
3720000,0.121221
3760000,0.121208
3800000,0.121759
3840000,0.12132
3880000,0.120803
3920000,0.120139
3960000,0.121914
4000000,0.120721
4040000,0.121006
4080000,0.120936
4120000,0.121937
4160000,0.588258
4200000,0.121444
4240000,0.1251
4280000,0.118963
4320000,0.119636
4360000,0.119501
4400000,0.120216
4440000,0.119806
4480000,0.119698
4520000,0.119606
4560000,0.119326
4600000,0.119424
4640000,0.120093
4680000,0.120835
4720000,0.12007
4760000,0.120064
4800000,0.119574
4840000,0.120029
4880000,0.119936
4920000,0.120331
4960000,0.120104
5000000,0.121628
5040000,0.121953
5080000,0.122172
5120000,0.120458
5160000,0.120317
5200000,0.12011
5240000,0.120884
5280000,0.119964
5320000,0.121219
5360000,0.120699
5400000,0.120328
5440000,0.120263
5480000,0.12135
5520000,0.120445
5560000,0.120673
5600000,0.120119
5640000,0.120721
5680000,0.120879
5720000,0.120508
5760000,0.120349
5800000,0.120599
5840000,0.120779
5880000,0.121292
5920000,0.11986
5960000,0.12038
6000000,0.120849
6040000,0.121722
6080000,0.121846
6120000,0.12164
6160000,0.123476
6200000,0.12009
6240000,0.120556
6280000,0.120662
6320000,0.12137
6360000,0.12278
6400000,0.122721
6440000,0.12094
6480000,0.121085
6520000,0.124228
6560000,0.126709
6600000,0.119761
6640000,0.119884
6680000,0.120009
6720000,0.119506
6760000,0.119497
6800000,0.120286
6840000,0.119074
6880000,0.119549
6920000,0.11931
6960000,0.119999
7000000,0.11955
7040000,0.119847
7080000,0.12582
7120000,0.11976
7160000,0.227675
7200000,0.144986
7240000,0.144126
7280000,0.144375
7320000,0.144206
7360000,0.144247
7400000,0.144675
7440000,0.144417
7480000,0.14655
7520000,0.145109
7560000,0.145307
7600000,0.147572
7640000,0.146727
7680000,0.146429
7720000,0.145746
7760000,0.14917
7800000,0.145466
7840000,0.14554
7880000,0.146474
7920000,0.152963
7960000,0.140908
8000000,13.8349
8040000,0.121432
8080000,0.119649
8120000,0.11886
8160000,0.119282
8200000,0.119237
8240000,0.119176
8280000,0.119043
8320000,0.118926
8360000,0.123595
8400000,0.12177
8440000,0.123474
8480000,0.122581
8520000,0.119691
8560000,0.119097
8600000,0.120387
8640000,0.120363
8680000,0.121502
8720000,0.122517
8760000,0.121723
8800000,0.120346
8840000,0.121297
8880000,0.120773
8920000,0.120938
8960000,0.120221
9000000,0.12057
9040000,0.121581
9080000,0.120938
9120000,0.120115
9160000,0.120431
9200000,0.120576
9240000,0.120469
9280000,0.122157
9320000,0.123587
9360000,0.120995
9400000,0.119916
9440000,0.120031
9480000,0.120634
9520000,0.1211
9560000,0.129912
9600000,0.120235
9640000,0.120686
9680000,0.12065
9720000,0.120862
9760000,0.12448
9800000,0.120408
9840000,0.120018
9880000,0.12169
9920000,0.121356
9960000,0.119809
10000000,0.120959
10040000,0.120577
10080000,0.120031
10120000,0.120485
10160000,0.119231
10200000,0.121756
10240000,0.12007
10280000,0.119795
10320000,0.120926
10360000,0.12129
10400000,0.119817
10440000,0.119826
10480000,0.121292
10520000,0.119697
10560000,0.118773
10600000,0.118555
10640000,0.119445
10680000,0.118216
10720000,0.11814
10760000,0.120166
10800000,0.119127
10840000,0.118965
10880000,0.118839
10920000,0.119292
10960000,0.118634
11000000,0.119361
11040000,0.118484
11080000,0.118868
11120000,0.119057
11160000,0.12077
11200000,0.119083
11240000,0.11898
11280000,0.119572
11320000,0.119769
11360000,0.120526
11400000,0.11948
11440000,0.118718
11480000,0.119187
11520000,0.119424
11560000,0.118873
11600000,0.119464
11640000,0.119001
11680000,0.119334
11720000,0.120249
11760000,0.120157
11800000,0.120348
11840000,0.120389
11880000,0.120187
11920000,0.119131
11960000,0.119581
12000000,0.119376
12040000,0.119609
12080000,0.119442
12120000,0.119668
12160000,0.119246
12200000,0.119834
12240000,0.119193
12280000,0.119958
12320000,0.11895
12360000,0.119457
12400000,0.118895
12440000,0.119645
12480000,0.121191
12520000,0.11965
12560000,0.119503
12600000,0.120342
12640000,0.119372
12680000,0.118832
12720000,0.117644
12760000,0.11878
12800000,0.118842
12840000,0.119165
12880000,0.120498
12920000,0.118948
12960000,0.119293
13000000,0.120283
13040000,0.123071
13080000,0.121395
13120000,0.120105
13160000,0.119796
13200000,0.119494
13240000,0.120834
13280000,0.119075
13320000,0.119716
13360000,0.119288
13400000,0.119463
13440000,0.119058
13480000,0.119125
13520000,0.128456
13560000,0.161222
13600000,0.119492
13640000,0.11831
13680000,0.119494
13720000,0.118308
13760000,0.129763
13800000,0.122031
13840000,0.128923
13880000,0.123546
13920000,0.125478
13960000,0.124563
14000000,0.12672
14040000,0.132135
14080000,0.125774
14120000,0.123217
14160000,0.122878
14200000,0.123454
14240000,0.12425
14280000,0.128404
14320000,0.122384
14360000,0.120519
14400000,0.122082
14440000,0.120619
14480000,0.122941
14520000,0.122475
14560000,0.122435
14600000,0.122714
14640000,0.121756
14680000,0.121433
14720000,0.124086
14760000,0.127419
14800000,0.130816
14840000,0.136426
14880000,0.126191
14920000,0.131703
14960000,0.118344
15000000,0.119287
15040000,0.119287
15080000,0.119301
15120000,0.166858
15160000,0.142919
15200000,0.14293
15240000,0.143922
15280000,0.142869
15320000,0.143489
15360000,0.141735
15400000,0.158744
15440000,0.169442
15480000,0.152737
15520000,0.152526
15560000,0.168972
15600000,0.16547
15640000,0.151346
15680000,0.145401
15720000,0.142756
15760000,0.142336
15800000,0.143788
15840000,0.145019
15880000,0.147507
15920000,0.146428
15960000,0.14619
16000000,9.98944
16040000,0.128248
16080000,0.127847
16120000,0.12772
16160000,0.128962
16200000,0.126802
16240000,0.126381
16280000,0.127797
16320000,0.127425
16360000,0.126856
16400000,0.126359
16440000,0.126588
16480000,0.127527
16520000,0.126614
16560000,0.125072
16600000,0.126203
16640000,0.126729
16680000,0.126956
16720000,0.127579
16760000,0.128029
16800000,0.127979
16840000,0.127802
16880000,0.128032
16920000,0.16299
16960000,0.153547
17000000,0.132899
17040000,0.132724
17080000,0.141058
17120000,0.140011
17160000,0.127818
17200000,0.130016
17240000,0.129849
17280000,0.128054
17320000,0.127042
17360000,0.127362
17400000,0.13223
17440000,0.127488
17480000,0.126245
17520000,0.127899
17560000,0.1272
17600000,0.126825
17640000,0.126604
17680000,0.126435
17720000,0.126329
17760000,0.126413
17800000,0.126044
17840000,0.126263
17880000,0.125823
17920000,0.125876
17960000,0.125079
18000000,0.125397
18040000,0.125321
18080000,0.126536
18120000,0.125672
18160000,0.125817
18200000,0.125653
18240000,0.126147
18280000,0.125543
18320000,0.125432
18360000,0.126476
18400000,0.125514
18440000,0.12666
18480000,0.12677
18520000,0.144129
18560000,0.131827
18600000,0.157803
18640000,0.136746
18680000,0.138636
18720000,0.136057
18760000,0.13165
18800000,0.131027
18840000,0.132353
18880000,0.130711
18920000,0.130121
18960000,0.131911
19000000,0.131021
19040000,0.127664
19080000,0.12616
19120000,0.126794
19160000,0.126946
19200000,0.129382
19240000,0.129533
19280000,0.12627
19320000,0.126632
19360000,0.125844
19400000,0.125769
19440000,0.12596
19480000,0.126359
19520000,0.125994
19560000,0.126212
19600000,0.126634
19640000,0.126338
19680000,0.125929
19720000,0.125984
19760000,0.125875
19800000,0.126081
19840000,0.126057
19880000,0.125969
19920000,0.126025
19960000,0.127234
20000000,0.126847
20040000,0.126741
20080000,0.126234
20120000,0.12629
20160000,0.126855
20200000,0.126076
20240000,0.126477
20280000,0.127407
20320000,0.126924
20360000,0.12669
20400000,0.125683
20440000,0.126878
20480000,0.126784
20520000,0.125981
20560000,0.126755
20600000,0.126382
20640000,0.126912
20680000,0.126393
20720000,0.127148
20760000,0.126818
20800000,0.127123
20840000,0.126966
20880000,0.127413
20920000,0.126731
20960000,0.127183
21000000,0.126457
21040000,0.127311
21080000,0.126682
21120000,0.12612
21160000,0.126142
21200000,0.126062
21240000,0.126236
21280000,0.126292
21320000,0.126985
21360000,0.126473
21400000,0.130241
21440000,0.125555
21480000,0.125643
21520000,0.126161
21560000,0.126469
21600000,0.126453
21640000,0.126309
21680000,0.126425
21720000,0.126948
21760000,0.126509
21800000,0.126164
21840000,0.125753
21880000,0.126627
21920000,0.126135
21960000,0.126429
22000000,0.126516
22040000,0.12592
22080000,0.125727
22120000,0.126175
22160000,0.126787
22200000,0.126941
22240000,0.126988
22280000,0.125723
22320000,0.125234
22360000,0.125961
22400000,0.126532
22440000,0.12621
22480000,0.126276
22520000,0.125735
22560000,0.126364
22600000,0.126805
22640000,0.12638
22680000,0.126183
22720000,0.125997
22760000,0.126104
22800000,0.126868
22840000,0.1263
22880000,0.126822
22920000,0.126914
22960000,0.126909
23000000,0.127109
23040000,0.126245
23080000,0.125678
23120000,0.173394
23160000,0.15129
23200000,0.151029
23240000,0.150822
23280000,0.150847
23320000,0.151785
23360000,0.151401
23400000,0.150936
23440000,0.150584
23480000,0.150587
23520000,0.150646
23560000,0.151258
23600000,0.150788
23640000,0.150456
23680000,0.15225
23720000,0.152224
23760000,0.151264
23800000,0.149618
23840000,0.150056
23880000,0.149378
23920000,0.149302
23960000,0.15013
24000000,9.96785
24040000,0.129216
24080000,0.126748
24120000,0.126433
24160000,0.125839
24200000,0.125967
24240000,0.128667
24280000,0.12525
24320000,0.125844
24360000,0.124633
24400000,0.125337
24440000,0.126015
24480000,0.12567
24520000,0.125118
24560000,0.124994
24600000,0.125505
24640000,0.126175
24680000,0.125725
24720000,0.125805
24760000,0.126207
24800000,0.126034
24840000,0.125892
24880000,0.12555
24920000,0.12601
24960000,0.126549
25000000,0.126394
25040000,0.125106
25080000,0.124601
25120000,0.125738
25160000,0.125808
25200000,0.12542
25240000,0.125552
25280000,0.125046
25320000,0.125965
25360000,0.127035
25400000,0.1259
25440000,0.125759
25480000,0.12584
25520000,0.125956
25560000,0.150469
25600000,0.145653
25640000,0.156209
25680000,0.140849
25720000,0.13277
25760000,0.147288
25800000,0.14476
25840000,0.135509
25880000,0.133493
25920000,0.133209
25960000,0.130685
26000000,0.131218
26040000,0.129193
26080000,0.13041
26120000,0.128685
26160000,0.13116
26200000,0.130716
26240000,0.13077
26280000,0.130536
26320000,0.130695
26360000,0.129883
26400000,0.129896
26440000,0.129766
26480000,0.127882
26520000,0.129386
26560000,0.125372
26600000,0.125709
26640000,0.125782
26680000,0.125674
26720000,0.126384
26760000,0.129378
26800000,0.12772
26840000,0.126504
26880000,0.125539
26920000,0.126659
26960000,0.12496
27000000,0.12535
27040000,0.125608
27080000,0.125654
27120000,0.125129
27160000,0.125448
27200000,0.126208
27240000,0.125622
27280000,0.125515
27320000,0.126098
27360000,0.126434
27400000,0.12619
27440000,0.126562
27480000,0.125886
27520000,0.126957
27560000,0.125421
27600000,0.128594
27640000,0.126287
27680000,0.12623
27720000,0.125585
27760000,0.12632
27800000,0.126275
27840000,0.126053
27880000,0.125686
27920000,0.125525
27960000,0.126584
28000000,0.126441
28040000,0.1259
28080000,0.126808
28120000,0.126193
28160000,0.125516
28200000,0.125048
28240000,0.126103
28280000,0.126962
28320000,0.126207
28360000,0.126454
28400000,0.126219
28440000,0.12665
28480000,0.12556
28520000,0.125695
28560000,0.125731
28600000,0.126563
28640000,0.126161
28680000,0.126322
28720000,0.12567
28760000,0.127051
28800000,0.125661
28840000,0.126184
28880000,0.126221
28920000,0.126106
28960000,0.12561
29000000,0.125812
29040000,0.125422
29080000,0.126198
29120000,0.126706
29160000,0.126682
29200000,0.128067
29240000,0.12725
29280000,0.126221
29320000,0.127602
29360000,0.1264
29400000,0.126824
29440000,0.126841
29480000,0.126268
29520000,0.125987
29560000,0.125871
29600000,0.126243
29640000,0.127096
29680000,0.126364
29720000,0.125776
29760000,0.125918
29800000,0.125835
29840000,0.126179
29880000,0.126355
29920000,0.126473
29960000,0.126366
30000000,0.125484
30040000,0.125461
30080000,0.125423
30120000,0.126097
30160000,0.125689
30200000,0.126316
30240000,0.125864
30280000,0.125934
30320000,0.126104
30360000,0.12579
30400000,0.125672
30440000,0.126166
30480000,0.126348
30520000,0.126397
30560000,0.126853
30600000,0.125954
30640000,0.125823
30680000,0.125656
30720000,0.125428
30760000,0.125007
30800000,0.125519
30840000,0.124366
30880000,0.126075
30920000,0.125805
30960000,0.125206
31000000,0.125655
31040000,0.125513
31080000,0.125343
31120000,0.173947
31160000,0.149325
31200000,0.150534
31240000,0.149994
31280000,0.151249
31320000,0.150244
31360000,0.148747
31400000,0.150008
31440000,0.149641
31480000,0.150405
31520000,0.149884
31560000,0.14967
31600000,0.149794
31640000,0.149569
31680000,0.149353
31720000,0.149617
31760000,0.149429
31800000,0.149775
31840000,0.150023
31880000,0.150905
31920000,0.149606
31960000,0.149644
32000000,10.6948
32040000,0.132096
32080000,0.129068
32120000,0.126267
32160000,0.127315
32200000,0.129024
32240000,0.132199
32280000,0.126193
32320000,0.125731
32360000,0.125628
32400000,0.126284
32440000,0.125675
32480000,0.125402
32520000,0.125556
32560000,0.126451
32600000,0.125685
32640000,0.125912
32680000,0.126594
32720000,0.126409
32760000,0.127085
32800000,0.126846
32840000,0.125652
32880000,0.125904
32920000,0.125594
32960000,0.125836
33000000,0.126709
33040000,0.126619
33080000,0.126282
33120000,0.126251
33160000,0.126823
33200000,0.12606
33240000,0.12717
33280000,0.12634
33320000,0.126248
33360000,0.127765
33400000,0.127803
33440000,0.127539
33480000,0.126792
33520000,0.129274
33560000,0.126168
33600000,0.1269
33640000,0.12663
33680000,0.12629
33720000,0.126636
33760000,0.126745
33800000,0.126551
33840000,0.126613
33880000,0.127648
33920000,0.127586
33960000,0.126362
34000000,0.127209
34040000,0.127317
34080000,0.126869
34120000,0.127079
34160000,0.126712
34200000,0.126148
34240000,0.126036
34280000,0.126227
34320000,0.126637
34360000,0.126727
34400000,0.127312
34440000,0.127978
34480000,0.127221
34520000,0.126594
34560000,0.126433
34600000,0.128119
34640000,0.125368
34680000,0.125069
34720000,0.124296
34760000,0.123887
34800000,0.123823
34840000,0.124036
34880000,0.124063
34920000,0.124011
34960000,0.125063
35000000,0.124221
35040000,0.124036
35080000,0.12477
35120000,0.124714
35160000,0.12384
35200000,0.123904
35240000,0.123504
35280000,0.123855
35320000,0.124475
35360000,0.123664
35400000,0.123807
35440000,0.125601
35480000,0.125657
35520000,0.125154
35560000,0.124966
35600000,0.124754
35640000,0.12506
35680000,0.12557
35720000,0.124658
35760000,0.12482
35800000,0.12428
35840000,0.125615
35880000,0.126229
35920000,0.124986
35960000,0.127654
36000000,0.125071
36040000,0.124421
36080000,0.124862
36120000,0.125472
36160000,0.124557
36200000,0.124738
36240000,0.12562
36280000,0.125716
36320000,0.12654
36360000,0.128022
36400000,0.128258
36440000,0.125956
36480000,0.126451
36520000,0.126567
36560000,0.127013
36600000,0.127419
36640000,0.128824
36680000,0.125653
36720000,0.125755
36760000,0.125095
36800000,0.125561
36840000,0.124287
36880000,0.124088
36920000,0.124602
36960000,0.125007
37000000,0.126142
37040000,0.125726
37080000,0.125753
37120000,0.125784
37160000,0.124221
37200000,0.124992
37240000,0.125336
37280000,0.124476
37320000,0.124738
37360000,0.124712
37400000,0.124261
37440000,0.124128
37480000,0.125164
37520000,0.124153
37560000,0.124562
37600000,0.124397
37640000,0.124267
37680000,0.124027
37720000,0.123799
37760000,0.16901
37800000,0.12966
37840000,0.125136
37880000,0.127968
37920000,0.12808
37960000,0.129605
38000000,0.129732
38040000,0.128297
38080000,0.129987
38120000,0.128167
38160000,0.131532
38200000,0.127703
38240000,0.129065
38280000,0.127128
38320000,0.125158
38360000,0.124687
38400000,0.126555
38440000,0.127866
38480000,0.130311
38520000,0.12896
38560000,0.12603
38600000,0.125574
38640000,0.125825
38680000,0.12531
38720000,0.125176
38760000,0.125587
38800000,0.126169
38840000,0.12556
38880000,0.127318
38920000,0.127229
38960000,0.127282
39000000,0.12812
39040000,0.124148
39080000,0.123306
39120000,0.172764
39160000,0.148069
39200000,0.151001
39240000,0.150513
39280000,0.149147
39320000,0.152951
39360000,0.148226
39400000,0.150797
39440000,0.148186
39480000,0.148829
39520000,0.147386
39560000,0.147576
39600000,0.147432
39640000,0.150603
39680000,0.14904
39720000,0.161984
39760000,0.158074
39800000,0.148157
39840000,0.151333
39880000,0.152016
39920000,0.16101
39960000,0.147734
40000000,10.6146
inserts took 182.727 seconds.
vacuuming the db
vacuuming took 893.532 seconds.
creating an index on cardID
index creation took 152.408 seconds.
doing selects
0,0.146357
1,0.000290155
2,0.000254154
3,0.000259161
4,0.000252962
5,0.000401974
6,0.000252962
7,0.000247955
8,0.000244856
9,0.000236034
10,0.000232935
11,0.00023818
12,0.000240088
13,0.000236034
14,0.000233889
15,0.000241995
16,0.000234842
17,0.000234842
18,0.000241995
19,0.000242949
20,0.000221014
21,0.000221014
22,0.000221014
23,0.000221968
24,0.000226974
25,0.000222921
26,0.00022006
27,0.00031805
28,0.000242949
29,0.000275135
30,0.000235081
31,0.000221014
32,0.000237942
33,0.000224113
34,0.000221014
35,0.000219822
36,0.000234842
37,0.000221968
38,0.000226021
39,0.000221014
40,0.000221014
41,0.000230074
42,0.000221968
43,0.00022006
44,0.000221014
45,0.000216007
46,0.000221968
47,0.00022006
48,0.00022006
49,0.000221014
50,0.000259876
51,0.000227928
52,0.000221014
53,0.000247002
54,0.000232935
55,0.000219822
56,0.000217915
57,0.000217915
58,0.000228882
59,0.00022006
60,0.000221014
61,0.000218868
62,0.000344038
63,0.00030899
64,0.000247002
65,0.000235081
66,0.000250101
67,0.000236988
68,0.000234842
69,0.000236988
70,0.000237942
71,0.000263929
72,0.000236034
73,0.000234127
74,0.000247002
75,0.000235081
76,0.000248909
77,0.000225067
78,0.000231981
79,0.000223875
80,0.00022006
81,0.000222921
82,0.000221014
83,0.00022912
84,0.000226974
85,0.000219822
86,0.000219107
87,0.000228167
88,0.000221014
89,0.000221014
90,0.000221968
91,0.000221014
92,0.000226974
93,0.000224113
94,0.00022006
95,0.000219822
96,0.00026989
97,0.000225067
98,0.00022006
99,0.000219107
selects took 0.175514 seconds.
