40000,0.287355
80000,0.290116
120000,0.294666
160000,0.300263
200000,0.297918
240000,0.297134
280000,0.301139
320000,0.297843
360000,0.297762
400000,0.298359
440000,0.298415
480000,0.298322
520000,0.297893
560000,0.305264
600000,0.29797
640000,0.297283
680000,0.297673
720000,0.297764
760000,0.297894
800000,0.297703
840000,0.299366
880000,0.297743
920000,0.298467
960000,0.298016
1000000,0.29856
1040000,0.297605
1080000,0.311952
1120000,0.297677
1160000,0.298606
1200000,0.298196
1240000,0.297691
1280000,0.298203
1320000,0.29886
1360000,0.300504
1400000,0.299
1440000,0.298413
1480000,0.298602
1520000,0.298621
1560000,0.298707
1600000,0.298622
1640000,0.29834
1680000,0.297796
1720000,0.29887
1760000,0.298745
1800000,0.298952
1840000,0.299471
1880000,0.298384
1920000,0.298335
1960000,0.297571
2000000,0.298518
2040000,0.297829
2080000,0.326354
2120000,0.298007
2160000,0.300333
2200000,0.298657
2240000,0.29832
2280000,0.299019
2320000,0.297576
2360000,0.297969
2400000,0.297025
2440000,0.297988
2480000,0.299282
2520000,0.298041
2560000,0.29895
2600000,0.306704
2640000,0.297864
2680000,0.298376
2720000,0.297348
2760000,0.297463
2800000,0.299659
2840000,0.298153
2880000,0.297656
2920000,0.301055
2960000,0.296873
3000000,0.297857
3040000,0.297342
3080000,0.297743
3120000,0.299032
3160000,0.29823
3200000,0.297744
3240000,0.297623
3280000,0.298455
3320000,0.298432
3360000,0.298171
3400000,0.297264
3440000,0.298111
3480000,0.29906
3520000,0.298799
3560000,0.299795
3600000,0.298847
3640000,0.298673
3680000,0.297632
3720000,0.298226
3760000,0.29867
3800000,0.299184
3840000,0.297363
3880000,0.297769
3920000,0.298332
3960000,0.301525
4000000,0.297712
4040000,0.298648
4080000,0.303629
4120000,0.304707
4160000,0.365902
4200000,0.307224
4240000,0.307903
4280000,0.371997
4320000,0.309761
4360000,0.299636
4400000,0.309626
4440000,0.3042
4480000,0.302667
4520000,0.307027
4560000,0.309617
4600000,0.307275
4640000,0.29856
4680000,0.298678
4720000,0.299144
4760000,0.298653
4800000,0.299879
4840000,0.29852
4880000,0.299553
4920000,0.298475
4960000,0.297997
5000000,0.297856
5040000,0.297065
5080000,0.297148
5120000,0.297178
5160000,0.298157
5200000,0.298429
5240000,0.298674
5280000,0.299621
5320000,0.298855
5360000,0.29823
5400000,0.298381
5440000,0.299202
5480000,0.299701
5520000,0.299323
5560000,0.297681
5600000,0.298444
5640000,0.298217
5680000,0.29883
5720000,0.297906
5760000,0.297847
5800000,0.297659
5840000,0.297679
5880000,0.296871
5920000,0.297021
5960000,0.297404
6000000,0.296958
6040000,0.297581
6080000,0.296754
6120000,0.297884
6160000,0.298107
6200000,0.296813
6240000,0.298374
6280000,0.299954
6320000,0.297954
6360000,0.297968
6400000,0.296476
6440000,0.296542
6480000,0.297565
6520000,0.296658
6560000,0.298107
6600000,0.297167
6640000,0.297343
6680000,0.297142
6720000,0.2977
6760000,0.298612
6800000,0.298159
6840000,0.298237
6880000,0.299562
6920000,0.298776
6960000,0.298466
7000000,0.298635
7040000,0.297894
7080000,0.297135
7120000,0.296989
7160000,0.305461
7200000,0.310091
7240000,0.309228
7280000,0.310041
7320000,0.309961
7360000,0.308479
7400000,0.309695
7440000,0.30877
7480000,0.308856
7520000,0.308547
7560000,0.309333
7600000,0.309433
7640000,0.313833
7680000,0.308439
7720000,0.308267
7760000,0.308904
7800000,0.309866
7840000,0.310241
7880000,0.308999
7920000,0.313931
7960000,0.425213
8000000,118.333
8040000,0.401051
8080000,0.304518
8120000,0.298231
8160000,0.296794
8200000,0.297792
8240000,0.304429
8280000,0.308219
8320000,0.305463
8360000,0.299145
8400000,0.298918
8440000,0.308292
8480000,0.297416
8520000,0.297114
8560000,0.29729
8600000,0.296406
8640000,0.297253
8680000,0.297687
8720000,0.296744
8760000,0.297655
8800000,0.29692
8840000,0.297488
8880000,0.298562
8920000,0.297767
8960000,0.29716
9000000,0.297807
9040000,0.297551
9080000,0.298068
9120000,0.297062
9160000,0.297505
9200000,0.29746
9240000,0.296882
9280000,0.297918
9320000,0.297349
9360000,0.297889
9400000,0.298348
9440000,0.297333
9480000,0.297554
9520000,0.297307
9560000,0.297114
9600000,0.297382
9640000,0.297319
9680000,0.296884
9720000,0.297208
9760000,0.297133
9800000,1.10185
9840000,1.06824
9880000,0.839215
9920000,0.871887
9960000,0.727294
10000000,0.811149
10040000,0.984951
10080000,0.650204
10120000,0.795375
10160000,0.657845
10200000,0.911712
10240000,0.345188
10280000,0.301654
10320000,0.298516
10360000,0.29871
10400000,0.298432
10440000,0.303024
10480000,0.297659
10520000,0.339648
10560000,0.297942
10600000,0.298678
10640000,0.297847
10680000,0.297493
10720000,0.298029
10760000,0.297949
10800000,0.297621
10840000,0.298472
10880000,0.298329
10920000,0.299634
10960000,0.298558
11000000,0.298552
11040000,0.298383
11080000,0.298321
11120000,0.297783
11160000,0.298559
11200000,0.297923
11240000,0.298217
11280000,0.297862
11320000,0.297499
11360000,0.298493
11400000,0.298182
11440000,0.298429
11480000,0.299379
11520000,0.297928
11560000,0.297436
11600000,0.297998
11640000,0.297834
11680000,0.29873
11720000,0.299078
11760000,0.298651
11800000,0.301213
11840000,0.298638
11880000,0.304373
11920000,0.298582
11960000,0.314365
12000000,0.299088
12040000,0.297783
12080000,0.297787
12120000,0.297628
12160000,0.29923
12200000,0.308031
12240000,0.297206
12280000,0.297516
12320000,0.298974
12360000,0.297528
12400000,0.298326
12440000,0.298339
12480000,0.298721
12520000,0.298691
12560000,0.298797
12600000,0.299157
12640000,0.297313
12680000,0.296365
12720000,0.297406
12760000,0.296928
12800000,0.297095
12840000,0.297606
12880000,0.297299
12920000,0.29764
12960000,0.296443
13000000,0.297904
13040000,0.297726
13080000,0.295266
13120000,0.296388
13160000,0.295922
13200000,0.295785
13240000,0.297386
13280000,0.297648
13320000,0.296836
13360000,0.29749
13400000,0.296747
13440000,0.297146
13480000,0.297949
13520000,0.298038
13560000,0.297463
13600000,0.296445
13640000,0.297237
13680000,0.298009
13720000,0.296987
13760000,0.298318
13800000,0.297399
13840000,0.297202
13880000,0.298175
13920000,0.297747
13960000,0.297195
14000000,0.298008
14040000,0.299226
14080000,0.300091
14120000,0.296902
14160000,0.298461
14200000,0.300652
14240000,0.299594
14280000,0.299838
14320000,0.298496
14360000,0.297042
14400000,0.297685
14440000,0.299158
14480000,0.297619
14520000,0.297964
14560000,0.299392
14600000,0.299143
14640000,0.297671
14680000,0.298974
14720000,0.29815
14760000,0.29757
14800000,0.297332
14840000,0.298758
14880000,0.301733
14920000,0.305239
14960000,0.30234
15000000,0.299037
15040000,0.296455
15080000,0.294877
15120000,0.296053
15160000,0.295225
15200000,0.295098
15240000,0.298184
15280000,0.298202
15320000,0.299012
15360000,0.298829
15400000,0.298116
15440000,0.298105
15480000,0.297097
15520000,0.297029
15560000,0.298292
15600000,0.29854
15640000,0.298689
15680000,0.297649
15720000,0.297632
15760000,0.297653
15800000,0.297607
15840000,0.297314
15880000,0.29638
15920000,0.315114
15960000,0.409196
16000000,56.5562
16040000,0.394971
16080000,0.299175
16120000,0.299019
16160000,0.30123
16200000,0.29876
16240000,0.34175
16280000,0.297681
16320000,0.29849
16360000,0.29855
16400000,0.298474
16440000,0.296963
16480000,0.299354
16520000,0.296977
16560000,0.296876
16600000,0.297622
16640000,0.298095
16680000,0.299021
16720000,0.301254
16760000,0.298048
16800000,0.298684
16840000,0.297687
16880000,0.297687
16920000,0.298978
16960000,0.297774
17000000,0.297406
17040000,0.296886
17080000,0.297856
17120000,0.358944
17160000,0.298349
17200000,0.298083
17240000,0.299032
17280000,0.297519
17320000,0.298235
17360000,0.296961
17400000,0.297606
17440000,0.297406
17480000,0.297342
17520000,0.297953
17560000,0.29835
17600000,0.297941
17640000,0.298465
17680000,0.299911
17720000,0.299544
17760000,0.299021
17800000,0.297719
17840000,0.299704
17880000,0.296637
17920000,0.296841
17960000,0.297345
18000000,0.296837
18040000,0.297131
18080000,0.297633
18120000,0.29807
18160000,0.296968
18200000,0.298745
18240000,0.296898
18280000,0.295741
18320000,0.295176
18360000,0.294451
18400000,0.296514
18440000,0.295916
18480000,0.295971
18520000,0.297791
18560000,0.29767
18600000,0.295323
18640000,0.296916
18680000,0.2969
18720000,0.297109
18760000,0.296722
18800000,0.297123
18840000,0.297666
18880000,0.298553
18920000,0.297503
18960000,0.298393
19000000,0.297396
19040000,0.297685
19080000,0.297883
19120000,0.29804
19160000,0.298917
19200000,0.299313
19240000,0.298608
19280000,0.299785
19320000,0.298411
19360000,0.299551
19400000,0.299404
19440000,0.299227
19480000,0.30074
19520000,0.299465
19560000,0.297683
19600000,0.297659
19640000,0.298236
19680000,0.297676
19720000,0.298247
19760000,0.303905
19800000,0.297918
19840000,0.29886
19880000,0.298536
19920000,0.298629
19960000,0.297652
20000000,0.29805
20040000,0.298253
20080000,0.297362
20120000,0.297759
20160000,0.298096
20200000,0.298043
20240000,0.299551
20280000,0.298923
20320000,0.297607
20360000,0.298015
20400000,0.29736
20440000,0.298036
20480000,0.297289
20520000,0.297996
20560000,0.297808
20600000,0.29753
20640000,0.296928
20680000,0.297352
20720000,0.29762
20760000,0.298575
20800000,0.299453
20840000,0.297879
20880000,0.298212
20920000,0.297364
20960000,0.296959
21000000,0.361443
21040000,0.298481
21080000,0.299676
21120000,0.297907
21160000,0.298146
21200000,0.297348
21240000,0.29872
21280000,0.298764
21320000,0.300192
21360000,0.299255
21400000,0.297462
21440000,0.298857
21480000,0.298748
21520000,0.297887
21560000,0.299759
21600000,0.298705
21640000,0.298797
21680000,0.298868
21720000,0.296932
21760000,0.308737
21800000,0.299859
21840000,0.298555
21880000,0.298689
21920000,0.358117
21960000,0.299822
22000000,0.304851
22040000,0.298995
22080000,0.298784
22120000,0.298388
22160000,0.297437
22200000,0.298882
22240000,0.297709
22280000,0.298437
22320000,0.299238
22360000,0.298219
22400000,0.298407
22440000,0.299726
22480000,0.296906
22520000,0.299427
22560000,0.29761
22600000,0.299263
22640000,0.29793
22680000,0.297053
22720000,0.299791
22760000,0.298506
22800000,0.297349
22840000,0.298257
22880000,0.299234
22920000,0.358413
22960000,0.297918
23000000,0.29694
23040000,0.298833
23080000,0.295779
23120000,0.296626
23160000,0.297074
23200000,0.297317
23240000,0.297483
23280000,0.298043
23320000,0.296482
23360000,0.297385
23400000,0.298622
23440000,0.297309
23480000,0.296954
23520000,0.296767
23560000,0.297617
23600000,0.299564
23640000,0.300586
23680000,0.299206
23720000,0.297707
23760000,0.297976
23800000,0.298222
23840000,0.296577
23880000,0.296954
23920000,0.31784
23960000,0.43929
24000000,89.2313
24040000,0.421959
24080000,0.325643
24120000,0.300565
24160000,0.297759
24200000,0.297967
24240000,0.297937
24280000,0.297227
24320000,0.298356
24360000,0.298385
24400000,0.29825
24440000,0.298874
24480000,0.297643
24520000,0.297592
24560000,0.297553
24600000,0.2981
24640000,0.296763
24680000,0.296258
24720000,0.296708
24760000,0.296898
24800000,0.296761
24840000,0.297112
24880000,0.297114
24920000,0.296826
24960000,0.297551
25000000,0.296682
25040000,0.298201
25080000,0.297178
25120000,0.298538
25160000,0.297506
25200000,0.297764
25240000,0.297614
25280000,0.297801
25320000,0.2975
25360000,0.296757
25400000,0.297496
25440000,0.297511
25480000,0.295499
25520000,0.295616
25560000,0.295461
25600000,0.296244
25640000,0.296646
25680000,0.297111
25720000,0.296519
25760000,0.297513
25800000,0.296835
25840000,0.297253
25880000,0.297331
25920000,0.296877
25960000,0.29944
26000000,0.297648
26040000,0.298749
26080000,0.29745
26120000,0.298915
26160000,0.298199
26200000,0.297696
26240000,0.29734
26280000,0.299135
26320000,0.299808
26360000,0.29886
26400000,0.298502
26440000,0.298239
26480000,0.298266
26520000,0.297835
26560000,0.298528
26600000,0.297551
26640000,0.298665
26680000,0.29729
26720000,0.297375
26760000,0.297799
26800000,0.29673
26840000,0.297789
26880000,0.296955
26920000,0.297498
26960000,0.297781
27000000,0.29784
27040000,0.298446
27080000,0.299448
27120000,0.298497
27160000,0.297895
27200000,0.2972
27240000,0.297388
27280000,0.298473
27320000,0.297128
27360000,0.298396
27400000,0.297418
27440000,0.297532
27480000,0.297809
27520000,0.297102
27560000,0.297138
27600000,0.297248
27640000,0.297608
27680000,0.297997
27720000,0.296809
27760000,0.297508
27800000,0.297867
27840000,0.297347
27880000,0.297881
27920000,0.297947
27960000,0.298051
28000000,0.298568
28040000,0.297485
28080000,0.298143
28120000,0.297733
28160000,0.297198
28200000,0.297772
28240000,0.297215
28280000,0.296952
28320000,0.297278
28360000,0.297418
28400000,0.297879
28440000,0.297185
28480000,0.297203
28520000,0.297284
28560000,0.297894
28600000,0.297344
28640000,0.298208
28680000,0.297817
28720000,0.298448
28760000,0.296726
28800000,0.297798
28840000,0.297345
28880000,0.29663
28920000,0.297622
28960000,0.29768
29000000,0.297608
29040000,0.297272
29080000,0.296511
29120000,0.296447
29160000,0.29675
29200000,0.296861
29240000,0.296909
29280000,0.297058
29320000,0.297592
29360000,0.297685
29400000,0.296935
29440000,0.297737
29480000,0.297389
29520000,0.297205
29560000,0.29775
29600000,0.298113
29640000,0.298507
29680000,0.298086
29720000,0.296727
29760000,0.29781
29800000,0.296829
29840000,0.297168
29880000,0.296656
29920000,0.297833
29960000,0.297713
30000000,0.298905
30040000,0.298388
30080000,0.298098
30120000,0.29756
30160000,0.29796
30200000,0.296895
30240000,0.297384
30280000,0.297067
30320000,0.295485
30360000,0.298679
30400000,0.295833
30440000,0.294554
30480000,0.294247
30520000,0.295446
30560000,0.29631
30600000,0.296192
30640000,0.295754
30680000,0.295994
30720000,0.295297
30760000,0.295541
30800000,0.296336
30840000,0.294872
30880000,0.297277
30920000,0.296839
30960000,0.298773
31000000,0.297922
31040000,0.297041
31080000,0.297705
31120000,0.297542
31160000,0.297604
31200000,0.297237
31240000,0.297885
31280000,0.297587
31320000,0.297913
31360000,0.298226
31400000,0.298059
31440000,0.298085
31480000,0.297821
31520000,0.298824
31560000,0.29754
31600000,0.297498
31640000,0.29792
31680000,0.297983
31720000,0.29832
31760000,0.297764
31800000,0.297794
31840000,0.298742
31880000,0.297534
31920000,0.345934
31960000,0.422553
32000000,71.511
32040000,0.526244
32080000,0.29841
32120000,0.297821
32160000,0.298719
32200000,0.297306
32240000,0.297805
32280000,0.297096
32320000,0.297621
32360000,0.297134
32400000,0.297826
32440000,0.297808
32480000,0.297609
32520000,0.297524
32560000,0.298505
32600000,0.297706
32640000,0.298025
32680000,0.299398
32720000,0.299187
32760000,0.298639
32800000,0.298698
32840000,0.297017
32880000,0.297302
32920000,0.297371
32960000,0.297985
33000000,0.297396
33040000,0.296855
33080000,0.297426
33120000,0.297045
33160000,0.297869
33200000,0.297321
33240000,0.298732
33280000,0.298524
33320000,0.298939
33360000,0.297504
33400000,0.298567
33440000,0.296622
33480000,0.296078
33520000,0.298493
33560000,0.297304
33600000,0.296853
33640000,0.297089
33680000,0.298493
33720000,0.29812
33760000,0.297984
33800000,0.298016
33840000,0.297569
33880000,0.298584
33920000,0.297425
33960000,0.296004
34000000,0.297351
34040000,0.296973
34080000,0.296332
34120000,0.297549
34160000,0.298227
34200000,0.299215
34240000,0.298658
34280000,0.297358
34320000,0.297072
34360000,0.296222
34400000,0.295018
34440000,0.295972
34480000,0.297794
34520000,0.296562
34560000,0.29634
34600000,0.295646
34640000,0.296405
34680000,0.297122
34720000,0.296887
34760000,0.297962
34800000,0.298156
34840000,0.297788
34880000,0.297826
34920000,0.297996
34960000,0.297677
35000000,0.298041
35040000,0.297661
35080000,0.297506
35120000,0.298225
35160000,0.299013
35200000,0.29859
35240000,0.299382
35280000,0.299062
35320000,0.297786
35360000,0.299746
35400000,0.299334
35440000,0.297973
35480000,0.297831
35520000,0.298148
35560000,0.297902
35600000,0.297366
35640000,0.297957
35680000,0.298136
35720000,0.297542
35760000,0.297426
35800000,0.297267
35840000,0.299088
35880000,0.297833
35920000,0.29786
35960000,0.297928
36000000,0.297974
36040000,0.297971
36080000,0.296932
36120000,0.296611
36160000,0.295547
36200000,0.29548
36240000,0.297086
36280000,0.296882
36320000,0.298708
36360000,0.29848
36400000,0.298084
36440000,0.297696
36480000,0.297473
36520000,0.297617
36560000,0.297786
36600000,0.297322
36640000,0.298711
36680000,0.29891
36720000,0.297917
36760000,0.29789
36800000,0.29725
36840000,0.298618
36880000,0.299014
36920000,0.297962
36960000,0.297997
37000000,0.298051
37040000,0.297615
37080000,0.298022
37120000,0.297887
37160000,0.297445
37200000,0.297781
37240000,0.298679
37280000,0.297127
37320000,0.296457
37360000,0.297834
37400000,0.297457
37440000,0.297719
37480000,0.297776
37520000,0.29782
37560000,0.297394
37600000,0.296932
37640000,0.296605
37680000,0.297048
37720000,0.296661
37760000,0.296348
37800000,0.296021
37840000,0.295303
37880000,0.296723
37920000,0.296508
37960000,0.296556
38000000,0.297168
38040000,0.296178
38080000,0.297651
38120000,0.297971
38160000,0.297825
38200000,0.297029
38240000,0.29671
38280000,0.296401
38320000,0.297219
38360000,0.297392
38400000,0.297871
38440000,0.298342
38480000,0.299399
38520000,0.297817
38560000,0.297735
38600000,0.297972
38640000,0.298471
38680000,0.297599
38720000,0.297219
38760000,0.298394
38800000,0.296197
38840000,0.297542
38880000,0.29852
38920000,0.299049
38960000,0.297852
39000000,0.297299
39040000,0.297818
39080000,0.296781
39120000,0.298559
39160000,0.297686
39200000,0.295853
39240000,0.298503
39280000,0.297337
39320000,0.306446
39360000,0.297156
39400000,0.297596
39440000,0.297291
39480000,0.296312
39520000,0.297022
39560000,0.296277
39600000,0.297931
39640000,0.296768
39680000,0.298198
39720000,0.298058
39760000,0.297851
39800000,0.299025
39840000,0.297958
39880000,0.29761
39920000,0.319294
39960000,0.478372
40000000,73.5483
inserts took 714.23 seconds.
vacuuming the db
vacuuming took 4385.64 seconds.
creating an index on cardID
index creation took 1006.43 seconds.
doing selects
0,0.407513
1,0.03934
2,0.015455
3,0.0132761
4,0.000933886
5,0.000663996
6,0.000633955
7,0.000718117
8,0.000550985
9,0.000635147
10,0.000807047
11,0.019629
12,0.000882149
13,0.000839949
14,0.000720978
15,0.000726938
16,0.000720978
17,0.000633001
18,0.000550985
19,0.000634909
20,0.000722885
21,0.000548124
22,0.000551939
23,0.000559092
24,0.000577927
25,0.000593901
26,0.00048089
27,0.00048399
28,0.038533
29,0.00101805
30,0.000726938
31,0.000651121
32,0.000558138
33,0.000723124
34,0.000635862
35,0.000729084
36,0.00072217
37,0.000636101
38,0.000801802
39,0.000644922
40,0.000556946
41,0.00071907
42,0.00062108
43,0.000478029
44,0.000482798
45,0.000478983
46,0.000555038
47,0.000468969
48,0.000492811
49,0.000431061
50,0.000427961
51,0.000494957
52,0.000422955
53,0.000554085
54,0.000324011
55,0.000371933
56,0.0243268
57,0.000896931
58,0.000644922
59,0.000571012
60,0.000546932
61,0.000554085
62,0.000546217
63,0.000557899
64,0.000551939
65,0.000546932
66,0.000643969
67,0.000546217
68,0.000549078
69,0.000545979
70,0.000548124
71,0.000533104
72,0.000488043
73,0.00058198
74,0.00048089
75,0.000478029
76,0.000475168
77,0.000481844
78,0.000463963
79,0.000426769
80,0.000432968
81,0.000428915
82,0.000432968
83,0.000427008
84,0.000427961
85,0.000375986
86,0.000324011
87,0.000324011
88,0.000360966
89,0.000321865
90,0.000325918
91,0.000322104
92,0.000381947
93,0.000323057
94,0.000324011
95,0.000319958
96,0.000321865
97,0.000324011
98,0.000363111
99,0.00032711
selects took 0.610366 seconds.
