40000,0.285376
80000,0.289597
120000,0.294452
160000,0.300878
200000,0.298307
240000,0.297827
280000,0.301534
320000,0.296956
360000,0.297188
400000,0.297476
440000,0.296706
480000,0.296229
520000,0.295983
560000,0.303307
600000,0.296136
640000,0.295866
680000,0.295788
720000,0.295011
760000,0.295401
800000,0.296989
840000,0.295769
880000,0.295578
920000,0.295437
960000,0.295392
1000000,0.295645
1040000,0.295373
1080000,0.309444
1120000,0.295057
1160000,0.295273
1200000,0.295904
1240000,0.295491
1280000,0.29554
1320000,0.296014
1360000,0.298005
1400000,0.296932
1440000,0.297203
1480000,0.29787
1520000,0.299021
1560000,0.297739
1600000,0.298205
1640000,0.297089
1680000,0.297617
1720000,0.296802
1760000,0.297109
1800000,0.296602
1840000,0.297234
1880000,0.297251
1920000,0.297344
1960000,0.296472
2000000,0.296961
2040000,0.296822
2080000,0.32555
2120000,0.297351
2160000,0.29781
2200000,0.29732
2240000,0.296576
2280000,0.297608
2320000,0.296363
2360000,0.296803
2400000,0.296448
2440000,0.296631
2480000,0.297008
2520000,0.296554
2560000,0.2963
2600000,0.297746
2640000,0.298066
2680000,0.298206
2720000,0.2976
2760000,0.296897
2800000,0.297336
2840000,0.297424
2880000,0.297638
2920000,0.297433
2960000,0.297678
3000000,0.297555
3040000,0.296974
3080000,0.297432
3120000,0.297975
3160000,0.297111
3200000,0.296834
3240000,0.296033
3280000,0.295754
3320000,0.29669
3360000,0.29676
3400000,0.296412
3440000,0.296725
3480000,0.296366
3520000,0.297172
3560000,0.296443
3600000,0.29749
3640000,0.297934
3680000,0.298926
3720000,0.298106
3760000,0.297829
3800000,0.297355
3840000,0.29736
3880000,0.296058
3920000,0.296633
3960000,0.29649
4000000,0.29702
4040000,0.298298
4080000,0.297381
4120000,0.297423
4160000,0.353741
4200000,0.29937
4240000,0.298331
4280000,0.297367
4320000,0.297031
4360000,0.297835
4400000,0.29671
4440000,0.29703
4480000,0.297911
4520000,0.29678
4560000,0.297112
4600000,0.298399
4640000,0.296985
4680000,0.297858
4720000,0.298817
4760000,0.298874
4800000,0.297628
4840000,0.29601
4880000,0.296171
4920000,0.296493
4960000,0.296437
5000000,0.296614
5040000,0.299092
5080000,0.30395
5120000,0.305247
5160000,0.296887
5200000,0.298205
5240000,0.298411
5280000,0.297973
5320000,0.297752
5360000,0.297503
5400000,0.298067
5440000,0.298008
5480000,0.29754
5520000,0.298747
5560000,0.296992
5600000,0.29853
5640000,0.297799
5680000,0.298617
5720000,0.299464
5760000,0.299268
5800000,0.298107
5840000,0.295592
5880000,0.296089
5920000,0.294546
5960000,0.295622
6000000,0.294901
6040000,0.293512
6080000,0.295131
6120000,0.295662
6160000,0.295265
6200000,0.295485
6240000,0.296564
6280000,0.297506
6320000,0.296651
6360000,0.297287
6400000,0.297479
6440000,0.297165
6480000,0.297794
6520000,0.297457
6560000,0.297595
6600000,0.297404
6640000,0.296765
6680000,0.296883
6720000,0.299172
6760000,0.313477
6800000,0.299567
6840000,0.297533
6880000,0.297141
6920000,0.298737
6960000,0.297388
7000000,0.296946
7040000,0.296843
7080000,0.297478
7120000,0.297099
7160000,0.304357
7200000,0.308269
7240000,0.308381
7280000,0.308232
7320000,0.310015
7360000,0.308523
7400000,0.308181
7440000,0.307732
7480000,0.307881
7520000,0.30876
7560000,0.308344
7600000,0.309529
7640000,0.307833
7680000,0.306164
7720000,0.307449
7760000,0.30767
7800000,0.308999
7840000,0.309473
7880000,0.307905
7920000,0.313017
7960000,0.461969
8000000,39.8436
8040000,0.426189
8080000,0.296139
8120000,0.302036
8160000,0.398503
8200000,0.490032
8240000,0.455775
8280000,0.385408
8320000,0.295377
8360000,0.296307
8400000,0.366581
8440000,0.366727
8480000,0.34204
8520000,0.302185
8560000,0.359522
8600000,0.319681
8640000,0.296193
8680000,0.296579
8720000,0.296118
8760000,0.297607
8800000,0.296546
8840000,0.29657
8880000,0.296955
8920000,0.295464
8960000,0.295669
9000000,0.296563
9040000,0.296399
9080000,0.296194
9120000,0.295783
9160000,0.2957
9200000,0.295948
9240000,0.296345
9280000,0.296535
9320000,0.295551
9360000,0.296453
9400000,0.296825
9440000,0.296244
9480000,0.295525
9520000,0.296009
9560000,0.295554
9600000,0.295982
9640000,0.296133
9680000,0.295901
9720000,0.296796
9760000,0.296028
9800000,0.296541
9840000,0.296076
9880000,0.296264
9920000,0.29672
9960000,0.295302
10000000,0.294424
10040000,0.295782
10080000,0.29542
10120000,0.295573
10160000,0.294465
10200000,0.293543
10240000,0.294401
10280000,0.293457
10320000,0.294171
10360000,0.295929
10400000,0.295153
10440000,0.296047
10480000,0.294531
10520000,0.369916
10560000,0.295538
10600000,0.295905
10640000,0.296513
10680000,0.294975
10720000,0.295956
10760000,0.29648
10800000,0.295703
10840000,0.295806
10880000,0.295898
10920000,0.297374
10960000,0.297682
11000000,0.297001
11040000,0.296363
11080000,0.296365
11120000,0.295996
11160000,0.296577
11200000,0.296392
11240000,0.295829
11280000,0.296772
11320000,0.295812
11360000,0.29605
11400000,0.296056
11440000,0.295508
11480000,0.296743
11520000,0.304986
11560000,0.296116
11600000,0.29665
11640000,0.296853
11680000,0.29629
11720000,0.296309
11760000,0.296206
11800000,0.297247
11840000,0.295482
11880000,0.29565
11920000,0.295672
11960000,0.295861
12000000,0.296317
12040000,0.294568
12080000,0.295297
12120000,0.294631
12160000,0.294686
12200000,0.296014
12240000,0.295055
12280000,0.295114
12320000,0.295077
12360000,0.296375
12400000,0.295595
12440000,0.296296
12480000,0.29706
12520000,0.297699
12560000,0.296881
12600000,0.296459
12640000,0.296648
12680000,0.295669
12720000,0.295896
12760000,0.295947
12800000,0.295667
12840000,0.296012
12880000,0.295651
12920000,0.296719
12960000,0.296884
13000000,0.297029
13040000,0.296999
13080000,0.295837
13120000,0.296695
13160000,0.296881
13200000,0.296758
13240000,0.29701
13280000,0.295836
13320000,0.295917
13360000,0.296482
13400000,0.294859
13440000,0.295054
13480000,0.296119
13520000,0.295613
13560000,0.295394
13600000,0.295452
13640000,0.295641
13680000,0.296248
13720000,0.295422
13760000,0.293802
13800000,0.292958
13840000,0.293495
13880000,0.294822
13920000,0.293873
13960000,0.294106
14000000,0.294477
14040000,0.293811
14080000,0.294505
14120000,0.295243
14160000,0.295606
14200000,0.296087
14240000,0.294755
14280000,0.294796
14320000,0.295239
14360000,0.294815
14400000,0.294827
14440000,0.295548
14480000,0.29572
14520000,0.295419
14560000,0.294194
14600000,0.293343
14640000,0.292871
14680000,0.292781
14720000,0.293838
14760000,0.292751
14800000,0.29304
14840000,0.292832
14880000,0.293901
14920000,0.293388
14960000,0.292817
15000000,0.293639
15040000,0.294451
15080000,0.294358
15120000,0.295352
15160000,0.295597
15200000,0.294129
15240000,0.29479
15280000,0.295826
15320000,0.29565
15360000,0.296102
15400000,0.294616
15440000,0.294896
15480000,0.29396
15520000,0.292818
15560000,0.294439
15600000,0.292965
15640000,0.293242
15680000,0.294879
15720000,0.293851
15760000,0.2947
15800000,0.293041
15840000,0.294736
15880000,0.29362
15920000,0.311957
15960000,0.421483
16000000,110.387
16040000,0.558055
16080000,0.299745
16120000,0.296529
16160000,0.298093
16200000,0.295882
16240000,0.294929
16280000,0.29593
16320000,0.294628
16360000,0.295969
16400000,0.295488
16440000,0.295876
16480000,0.326819
16520000,0.295369
16560000,0.295421
16600000,0.295807
16640000,0.296229
16680000,0.296213
16720000,0.299498
16760000,0.296912
16800000,0.29708
16840000,0.296411
16880000,0.295977
16920000,0.296661
16960000,0.295167
17000000,0.296248
17040000,0.296121
17080000,0.296628
17120000,0.384315
17160000,0.297167
17200000,0.297635
17240000,0.296
17280000,0.295245
17320000,0.298721
17360000,0.297807
17400000,0.298182
17440000,0.296467
17480000,0.295528
17520000,0.296338
17560000,0.295743
17600000,0.296427
17640000,0.297352
17680000,0.295344
17720000,0.295685
17760000,0.296537
17800000,0.295774
17840000,0.296701
17880000,0.296005
17920000,0.295787
17960000,0.296435
18000000,0.295857
18040000,0.295937
18080000,0.29622
18120000,0.296241
18160000,0.296808
18200000,0.296207
18240000,0.297148
18280000,0.296428
18320000,0.29652
18360000,0.295698
18400000,0.296473
18440000,0.297321
18480000,0.297527
18520000,0.297369
18560000,0.296793
18600000,0.296432
18640000,0.296605
18680000,0.298192
18720000,0.297911
18760000,0.295837
18800000,0.297013
18840000,0.296835
18880000,0.296334
18920000,0.29655
18960000,0.295909
19000000,0.296885
19040000,0.295975
19080000,0.296309
19120000,0.295093
19160000,0.294737
19200000,0.294848
19240000,0.293661
19280000,0.293212
19320000,0.293368
19360000,0.295859
19400000,0.294554
19440000,0.292753
19480000,0.293953
19520000,0.294863
19560000,0.294467
19600000,0.293861
19640000,0.294071
19680000,0.29437
19720000,0.293465
19760000,0.296198
19800000,0.295147
19840000,0.296654
19880000,0.295931
19920000,0.295874
19960000,0.296901
20000000,0.295643
20040000,0.295879
20080000,0.295642
20120000,0.296459
20160000,0.297074
20200000,0.295127
20240000,0.294048
20280000,0.295364
20320000,0.29338
20360000,0.294454
20400000,0.293672
20440000,0.296297
20480000,0.296019
20520000,0.295238
20560000,0.294817
20600000,0.296099
20640000,0.295815
20680000,0.296619
20720000,0.295335
20760000,0.296039
20800000,0.296718
20840000,0.297659
20880000,0.297703
20920000,0.297874
20960000,0.297179
21000000,0.296946
21040000,0.297491
21080000,0.295974
21120000,0.29611
21160000,0.295934
21200000,0.296079
21240000,0.297249
21280000,0.294165
21320000,0.297744
21360000,0.295112
21400000,0.296436
21440000,0.296764
21480000,0.295825
21520000,0.296069
21560000,0.296718
21600000,0.2964
21640000,0.296863
21680000,0.296142
21720000,0.297155
21760000,0.296863
21800000,0.297097
21840000,0.29642
21880000,0.296141
21920000,0.2971
21960000,0.297005
22000000,0.2969
22040000,0.296916
22080000,0.296332
22120000,0.297412
22160000,0.29653
22200000,0.29674
22240000,0.297079
22280000,0.297839
22320000,0.297225
22360000,0.297022
22400000,0.296211
22440000,0.296851
22480000,0.297
22520000,0.296852
22560000,0.296423
22600000,0.297171
22640000,0.297151
22680000,0.297797
22720000,0.298077
22760000,0.298449
22800000,0.297091
22840000,0.297169
22880000,0.297583
22920000,0.297126
22960000,0.297572
23000000,0.297494
23040000,0.296406
23080000,0.296857
23120000,0.296057
23160000,0.296572
23200000,0.296831
23240000,0.296736
23280000,0.296939
23320000,0.297501
23360000,0.297484
23400000,0.2978
23440000,0.296416
23480000,0.296923
23520000,0.297055
23560000,0.296779
23600000,0.29816
23640000,0.297681
23680000,0.298605
23720000,0.297717
23760000,0.297421
23800000,0.308324
23840000,0.298241
23880000,0.298118
23920000,0.317927
23960000,0.456005
24000000,55.7998
24040000,0.325235
24080000,0.297436
24120000,0.297223
24160000,0.296574
24200000,0.296922
24240000,0.297474
24280000,0.295966
24320000,0.29648
24360000,0.294513
24400000,0.295145
24440000,0.295372
24480000,0.295032
24520000,0.294574
24560000,0.294755
24600000,0.294131
24640000,0.295291
24680000,0.294814
24720000,0.295455
24760000,0.294721
24800000,0.301039
24840000,0.295662
24880000,0.295259
24920000,0.29623
24960000,0.296947
25000000,0.296028
25040000,0.297536
25080000,0.296651
25120000,0.296334
25160000,0.296134
25200000,0.296203
25240000,0.296032
25280000,0.295698
25320000,0.295541
25360000,0.294091
25400000,0.294504
25440000,0.294258
25480000,0.295244
25520000,0.293844
25560000,0.294736
25600000,0.293971
25640000,0.294631
25680000,0.294625
25720000,0.293
25760000,0.293127
25800000,0.295957
25840000,0.295314
25880000,0.294622
25920000,0.296224
25960000,0.295564
26000000,0.296323
26040000,0.296472
26080000,0.296301
26120000,0.296758
26160000,0.295834
26200000,0.296053
26240000,0.295872
26280000,0.296189
26320000,0.2961
26360000,0.296834
26400000,0.296221
26440000,0.295655
26480000,0.296586
26520000,0.297044
26560000,0.296329
26600000,0.296149
26640000,0.297119
26680000,0.296921
26720000,0.297217
26760000,0.296882
26800000,0.296631
26840000,0.296702
26880000,0.29637
26920000,0.29599
26960000,0.296432
27000000,0.296584
27040000,0.296082
27080000,0.297193
27120000,0.297959
27160000,0.296776
27200000,0.295846
27240000,0.2965
27280000,0.296632
27320000,0.296256
27360000,0.296276
27400000,0.296931
27440000,0.296541
27480000,0.296667
27520000,0.296381
27560000,0.296337
27600000,0.296605
27640000,0.297425
27680000,0.297012
27720000,0.296324
27760000,0.297081
27800000,0.296941
27840000,0.29715
27880000,0.298077
27920000,0.29638
27960000,0.296793
28000000,0.296772
28040000,0.297004
28080000,0.29716
28120000,0.296962
28160000,0.296562
28200000,0.296458
28240000,0.296999
28280000,0.296166
28320000,0.295542
28360000,0.296671
28400000,0.297261
28440000,0.29703
28480000,0.296386
28520000,0.295833
28560000,0.297367
28600000,0.296282
28640000,0.296824
28680000,0.295382
28720000,0.295564
28760000,0.295765
28800000,0.296248
28840000,0.296136
28880000,0.297928
28920000,0.295956
28960000,0.295582
29000000,0.295991
29040000,0.296151
29080000,0.295909
29120000,0.295474
29160000,0.296117
29200000,0.294813
29240000,0.297411
29280000,0.295193
29320000,0.29457
29360000,0.295538
29400000,0.295019
29440000,0.296211
29480000,0.295905
29520000,0.296244
29560000,0.296167
29600000,0.295216
29640000,0.295153
29680000,0.297305
29720000,0.29602
29760000,0.296766
29800000,0.29698
29840000,0.296909
29880000,0.296864
29920000,0.297498
29960000,0.296624
30000000,0.297338
30040000,0.297073
30080000,0.297116
30120000,0.296398
30160000,0.29709
30200000,0.297386
30240000,0.297246
30280000,0.296624
30320000,0.295674
30360000,0.297101
30400000,0.296663
30440000,0.297056
30480000,0.297111
30520000,0.296565
30560000,0.295858
30600000,0.296871
30640000,0.295311
30680000,0.296286
30720000,0.295874
30760000,0.295314
30800000,0.295712
30840000,0.294741
30880000,0.295593
30920000,0.295386
30960000,0.295386
31000000,0.297268
31040000,0.296487
31080000,0.297104
31120000,0.296909
31160000,0.296449
31200000,0.297488
31240000,0.297238
31280000,0.296694
31320000,0.297223
31360000,0.296971
31400000,0.296345
31440000,0.296796
31480000,0.297299
31520000,0.296536
31560000,0.296851
31600000,0.296648
31640000,0.296785
31680000,0.296767
31720000,0.296295
31760000,0.297109
31800000,0.29615
31840000,0.296884
31880000,0.296742
31920000,0.317804
31960000,0.457025
32000000,52.1888
32040000,0.455586
32080000,0.296
32120000,0.297599
32160000,0.299424
32200000,0.305005
32240000,0.300212
32280000,0.302446
32320000,0.297417
32360000,0.296681
32400000,0.296649
32440000,0.295823
32480000,0.296055
32520000,0.295753
32560000,0.296225
32600000,0.296842
32640000,0.296575
32680000,0.29619
32720000,0.296014
32760000,0.296803
32800000,0.296921
32840000,0.29484
32880000,0.295586
32920000,0.295863
32960000,0.295085
33000000,0.295252
33040000,0.2952
33080000,0.294304
33120000,0.295339
33160000,0.293816
33200000,0.295068
33240000,0.296177
33280000,0.296586
33320000,0.296698
33360000,0.296267
33400000,0.295797
33440000,0.295986
33480000,0.295624
33520000,0.296019
33560000,0.295191
33600000,0.29609
33640000,0.295263
33680000,0.294675
33720000,0.295919
33760000,0.295567
33800000,0.295173
33840000,0.296208
33880000,0.296147
33920000,0.296186
33960000,0.295699
34000000,0.29557
34040000,0.296106
34080000,0.295891
34120000,0.296595
34160000,0.295879
34200000,0.295212
34240000,0.295894
34280000,0.296348
34320000,0.296378
34360000,0.296193
34400000,0.295752
34440000,0.295176
34480000,0.295763
34520000,0.295947
34560000,0.296383
34600000,0.295682
34640000,0.296062
34680000,0.296345
34720000,0.296442
34760000,0.296614
34800000,0.296708
34840000,0.29712
34880000,0.295354
34920000,0.294925
34960000,0.295596
35000000,0.295162
35040000,0.296293
35080000,0.296293
35120000,0.295729
35160000,0.29507
35200000,0.295528
35240000,0.296
35280000,0.295285
35320000,0.29411
35360000,0.294419
35400000,0.295683
35440000,0.296205
35480000,0.295917
35520000,0.2956
35560000,0.295041
35600000,0.297949
35640000,0.296132
35680000,0.295957
35720000,0.296772
35760000,0.295845
35800000,0.295247
35840000,0.295448
35880000,0.294799
35920000,0.295174
35960000,0.294974
36000000,0.295382
36040000,0.294898
36080000,0.294983
36120000,0.295219
36160000,0.295845
36200000,0.2954
36240000,0.296595
36280000,0.296176
36320000,0.296424
36360000,0.295124
36400000,0.294484
36440000,0.292227
36480000,0.294433
36520000,0.294765
36560000,0.295445
36600000,0.293708
36640000,0.294092
36680000,0.294639
36720000,0.294069
36760000,0.294369
36800000,0.294584
36840000,0.295451
36880000,0.294782
36920000,0.294144
36960000,0.293152
37000000,0.294379
37040000,0.29693
37080000,0.295512
37120000,0.295161
37160000,0.295446
37200000,0.296198
37240000,0.295032
37280000,0.296027
37320000,0.296059
37360000,0.296586
37400000,0.296262
37440000,0.296939
37480000,0.295938
37520000,0.296157
37560000,0.296105
37600000,0.295863
37640000,0.295423
37680000,0.296096
37720000,0.29593
37760000,0.296061
37800000,0.295588
37840000,0.294211
37880000,0.29497
37920000,0.295448
37960000,0.295173
38000000,0.296767
38040000,0.297265
38080000,0.296723
38120000,0.29743
38160000,0.295234
38200000,0.295477
38240000,0.295621
38280000,0.29541
38320000,0.295443
38360000,0.294757
38400000,0.295154
38440000,0.296568
38480000,0.295921
38520000,0.296257
38560000,0.296339
38600000,0.296611
38640000,0.297626
38680000,0.296683
38720000,0.296512
38760000,0.297179
38800000,0.29596
38840000,0.295983
38880000,0.296518
38920000,0.296011
38960000,0.296299
39000000,0.295431
39040000,0.296114
39080000,0.296543
39120000,0.296131
39160000,0.29641
39200000,0.295717
39240000,0.296916
39280000,0.296985
39320000,0.294775
39360000,0.29681
39400000,0.295363
39440000,0.295456
39480000,0.295123
39520000,0.295819
39560000,0.29617
39600000,0.295725
39640000,0.297487
39680000,0.296377
39720000,0.296712
39760000,0.296619
39800000,0.297061
39840000,0.295846
39880000,0.296764
39920000,0.317735
39960000,0.425014
40000000,118.855
inserts took 674.855 seconds.
indexing transactions on cardID