doing selects
0,0.333389
1,0.236333
2,0.308724
3,0.135169
4,0.282353
5,0.232506
6,0.266421
7,0.14178
8,0.286662
9,0.136851
10,0.297985
11,0.247832
12,0.140404
13,0.231954
14,0.187835
15,0.146304
16,0.229619
17,0.194286
18,0.25172
19,0.216027
20,0.245698
21,0.234238
22,0.279102
23,0.191732
24,0.287062
25,0.215042
26,0.218387
27,0.207528
28,0.277493
29,0.16028
30,0.120064
31,0.242439
32,0.140012
33,0.141276
34,0.201303
35,0.213884
36,0.162237
37,0.153057
38,0.25582
39,0.113331
40,0.140433
41,0.158686
42,0.265766
43,0.135205
44,0.144223
45,0.203276
46,0.188603
47,0.138517
48,0.166262
49,0.164388
50,0.180255
51,0.142071
52,0.130687
53,0.239106
54,0.190449
55,0.152903
56,0.21554
57,0.196722
58,0.146912
59,0.187172
60,0.188674
61,0.177851
62,0.146695
63,0.250367
64,0.190414
65,0.146572
66,0.259913
67,0.204741
68,0.172687
69,0.199654
70,0.249371
71,0.152394
72,0.191703
73,0.184845
74,0.212386
75,0.167239
76,0.178031
77,0.204622
78,0.175694
79,0.170246
80,0.203982
81,0.131997
82,0.185636
83,0.201631
84,0.231541
85,0.162095
86,0.190612
87,0.255876
88,0.17085
89,0.125846
90,0.19121
91,0.214607
92,0.181123
93,0.178042
94,0.143164
95,0.209044
96,0.155229
97,0.208671
98,0.193542
99,0.117663
selects took 19.5329 seconds.
